233 274 589 138 188 72 53 559 321 480 702 77 746 618 251 468 235 440 970 624 169 794 365 812 599 792 726 334 206 629 389 529 204 736 841 447 556 80 733 667 308 225 418 667 387 415 818 381 538 617 952 491 706 950 23 215 714 715 469 602 431 366 914 723 579 108 111 313 132 397 505 433 94 826 996 828 451 929 620 337 329 879 296 932 359 872 202 425 455 730 449 373 283 330 982 816 427 579 30 29
766 186 154 78 954 630 256 58 12 181 710 26 253 719 844 45 840 896 824 117 759 641 430 119 718 998 36 770 520 641 45 50 763 780 742 883 748 466 312 8 530 359 585 122 503 35 524 552 380 517 147 264 307 68 729 154 981 750 801 402 514 245 948 679 132 821 415 956 406 157 922 240 948 811 110 568 108 193 889 510 426 43 81 753 817 436 940 374 600 665 257 922 90 782 181 114 282 65 820 979
747 567 648 106 812 44 233 587 794 631 894 791 525 301 871 350 493 115 56 753 473 463 348 368 728 994 885 166 759 824 330 760 441 141 499 148 900 729 640 884 558 859 321 557 562 332 994 201 715 900 254 477 528 238 24 650 825 395 772 16 542 329 179 3 280 288 949 804 103 516 719 556 762 304 29 872 242 411 441 889 53 493 847 744 593 158 425 11 729 497 320 634 239 314 678 740 874 608 936 675
954 681 153 520 385 304 671 158 34 191 858 94 352 673 932 781 175 67 195 87 832 376 524 83 182 435 172 527 525 581 732 146 16 64 142 472 118 468 205 294 450 379 168 128 544 525 657 284 843 981 118 215 516 452 444 428 622 720 421 180 412 70 914 109 74 969 37 681 844 539 313 673 970 749 325 770 3 637 964 15 648 627 138 951 867 231 444 302 859 405 240 769 963 894 798 339 497 189 184 561
1 890 939 989 301 391 847 24 472 354 67 771 61 537 212 614 685 616 723 823 447 679 286 94 12 932 94 695 55 308 348 848 148 142 701 884 219 107 871 433 352 74 202 605 994 444 962 648 8 175 887 75 947 945 881 277 421 259 994 15 672 780 522 35 95 944 364 640 567 94 93 991 638 881 667 491 251 978 581 59 532 146 100 210 381 417 728 640 710 991 824 346 620 544 285 477 142 952 751 595
551 211 800 153 632 628 82 449 441 977 889 9 419 824 245 464 368 792 205 449 77 163 403 8 745 76 699 881 812 256 712 600 268 363 172 143 998 109 150 925 307 409 683 677 753 256 412 547 918 848 49 356 256 530 924 894 5 339 846 524 468 512 973 147 716 995 317 98 307 737 41 333 87 310 903 519 36 370 685 337 754 376 491 730 291 526 974 404 877 86 515 853 461 951 776 455 93 691 381 461
716 671 347 300 756 440 626 959 26 218 839 794 119 551 98 696 234 802 683 11 163 664 589 720 719 685 293 123 282 665 284 407 680 511 112 332 80 125 101 496 278 969 293 832 254 500 453 325 73 73 401 282 631 231 829 720 690 725 190 5 517 833 728 127 570 885 407 23 720 182 902 384 542 617 759 852 519 358 219 454 295 607 222 635 349 642 36 908 621 738 579 607 432 681 861 624 66 330 141 906
171 945 997 247 967 270 460 198 669 61 125 513 545 777 979 851 394 938 59 244 284 847 936 673 665 240 328 866 630 405 946 360 838 333 435 104 801 975 498 354 12 375 286 17 701 728 172 419 542 489 306 431 373 685 86 722 557 518 990 314 281 842 329 1 299 328 465 591 958 781 312 344 852 119 479 963 703 272 383 758 384 255 675 659 705 162 85 836 985 110 997 200 289 312 759 801 497 708 989 802
677 904 859 334 971 678 548 333 532 778 202 253 216 153 642 847 712 471 767 300 224 245 17 559 929 320 498 602 586 913 376 285 308 164 6 573 522 673 429 581 306 930 23 977 147 19 655 765 353 578 514 617 800 567 33 181 631 431 478 677 846 62 272 235 202 832 880 423 37 226 929 896 70 562 839 456 71 616 200 474 65 507 910 665 214 338 78 735 169 727 260 489 882 71 457 259 363 304 250 937
681 508 71 299 605 425 331 527 319 45 58 658 774 322 88 617 278 119 410 160 114 740 70 98 243 412 591 534 359 396 20 945 159 501 833 347 934 228 222 860 452 33 111 154 888 89 646 375 100 890 764 736 828 724 324 703 878 137 816 172 549 62 615 715 996 449 509 252 457 83 397 414 910 196 217 459 995 333 415 942 805 345 401 108 772 145 937 494 315 695 459 331 182 391 37 774 316 268 659 738
968 345 433 590 525 123 723 455 938 550 305 192 763 654 91 988 363 303 548 288 359 489 708 993 671 777 253 500 447 912 78 431 532 477 411 935 963 758 533 528 705 504 429 793 428 550 409 698 490 310 838 122 674 6 196 354 406 439 285 128 212 174 344 106 474 485 708 210 373 525 791 650 330 624 198 972 405 452 682 260 319 61 470 158 626 121 998 832 944 246 188 846 245 57 823 337 645 40 781 909
748 324 9 527 883 979 501 645 696 115 254 220 849 493 184 394 853 598 869 701 403 382 365 655 158 586 844 853 339 866 613 627 423 229 540 557 836 967 11 324 346 173 949 226 87 48 656 354 650 471 733 28 183 316 238 974 610 125 26 850 836 801 921 922 606 520 488 236 549 169 834 58 802 774 199 206 755 973 54 477 999 554 33 12 548 955 158 229 507 768 515 824 225 234 781 384 10 634 246 730
934 150 621 40 234 985 84 229 453 958 155 621 463 979 159 99 611 265 826 478 146 494 220 366 356 711 778 388 6 762 281 243 711 384 343 690 319 907 32 652 898 592 158 796 947 688 785 317 132 777 208 777 671 968 374 22 435 162 775 925 702 675 187 726 183 851 398 982 914 892 216 740 320 90 109 394 948 866 659 623 540 925 595 284 775 555 323 859 997 794 551 135 18 66 165 622 899 244 575 498
46 224 785 272 345 520 466 871 800 429 712 172 482 277 144 644 773 998 117 891 383 918 253 670 685 328 280 543 56 621 112 553 572 205 931 248 856 680 67 210 33 730 644 698 979 166 204 583 198 552 52 629 478 592 387 72 709 903 252 804 943 42 659 285 399 455 931 345 690 935 998 371 448 95 645 832 16 967 830 694 110 143 242 90 343 554 905 442 779 576 632 95 513 585 119 890 367 184 415 439
849 419 95 744 289 513 271 912 72 670 192 61 365 554 98 376 605 372 880 358 829 236 165 140 411 567 99 287 350 189 953 101 734 245 184 460 693 417 599 33 626 421 516 687 24 124 515 260 113 195 336 494 305 784 785 84 326 735 681 533 966 592 97 993 370 62 799 829 767 506 408 980 241 10 566 19 953 893 340 625 516 105 406 935 913 512 967 337 27 149 974 833 147 811 989 682 494 81 453 294
596 546 257 138 488 494 366 886 469 784 170 573 18 524 161 313 459 729 448 744 463 580 400 635 255 467 480 74 112 602 11 157 393 266 9 405 560 123 825 775 550 509 343 332 575 734 426 664 915 715 99 175 20 786 639 319 776 860 803 299 310 53 761 267 646 652 259 886 852 91 515 191 874 397 377 501 733 906 588 499 146 498 885 634 477 23 159 755 389 215 635 460 116 29 96 839 651 129 406 175
561 674 917 1 714 601 516 447 184 119 210 534 842 44 295 204 954 61 882 854 478 757 480 117 421 378 244 776 252 504 214 791 212 477 309 96 511 69 27 856 603 473 545 554 577 168 929 388 597 611 12 144 28 96 118 402 896 255 193 581 883 406 838 908 591 247 339 273 813 667 959 849 339 977 376 680 725 32 142 692 615 845 423 433 992 521 751 522 642 779 190 671 177 929 144 327 890 971 980 94
168 155 881 921 439 917 737 100 160 386 570 413 707 44 649 209 93 745 574 478 315 605 532 758 762 666 220 178 373 385 599 410 433 457 438 278 656 414 793 302 58 930 607 361 563 337 900 703 951 723 204 993 170 488 976 322 14 653 757 73 708 808 195 873 752 712 61 740 553 329 759 219 766 720 729 666 792 902 385 862 739 306 845 43 237 120 336 977 186 859 589 340 929 560 577 386 920 348 891 371
691 44 181 758 579 830 205 278 239 955 318 892 122 441 833 242 147 8 499 888 485 475 507 145 169 673 710 374 476 379 173 599 788 57 69 73 206 21 833 288 909 217 105 945 605 633 227 611 134 69 19 503 321 384 16 860 860 765 967 715 168 887 696 736 712 473 989 285 255 810 588 781 644 223 196 453 108 905 112 56 761 343 543 427 947 157 668 133 906 660 582 790 330 82 403 516 404 101 450 549
641 890 370 658 422 820 764 291 93 892 344 623 39 514 213 341 2 111 411 491 266 274 180 499 783 250 126 85 434 118 770 320 732 952 852 190 152 617 854 534 34 816 281 933 612 902 249 402 173 203 714 193 212 660 659 984 472 861 202 723 395 399 900 91 841 486 947 674 293 452 169 602 203 314 491 308 804 639 920 946 482 282 26 419 755 864 7 675 74 214 844 9 611 794 37 207 846 614 669 357
989 792 144 632 59 96 72 103 886 109 921 462 673 181 809 72 707 305 426 487 98 89 625 271 510 7 453 250 230 315 256 860 717 368 997 595 96 956 696 331 49 950 396 252 980 160 539 491 407 715 633 184 873 56 727 300 288 362 797 454 531 404 737 489 751 911 869 893 61 673 34 942 556 388 236 692 320 375 82 99 352 998 168 190 889 656 465 943 112 684 557 772 17 622 63 989 375 599 523 813
731 177 963 320 445 196 752 902 888 445 40 229 647 704 212 276 463 625 890 8 476 452 954 362 905 833 382 571 153 999 750 914 694 296 878 162 358 968 195 751 554 173 703 59 805 614 228 977 976 370 18 350 66 483 358 154 635 328 46 374 655 683 156 698 701 430 160 476 999 171 833 690 994 240 132 337 822 570 274 574 731 925 211 539 711 806 622 940 909 830 632 301 396 580 3 243 866 914 788 399
710 692 806 243 95 163 607 702 994 121 775 691 687 290 337 64 565 38 849 480 66 454 322 595 700 258 426 517 19 600 76 504 675 971 892 289 579 415 343 333 463 174 892 916 843 457 436 576 292 930 720 711 613 262 477 250 998 313 717 738 607 682 49 55 712 816 284 468 416 996 990 695 604 120 771 733 674 901 300 490 37 492 101 149 493 529 133 680 720 893 700 901 474 715 424 250 790 730 644 900
896 247 671 707 268 420 134 804 205 518 586 44 737 641 719 430 208 437 766 637 640 765 389 395 989 397 834 311 696 667 597 157 529 244 561 289 435 500 367 63 729 518 394 36 669 916 763 16 388 812 383 639 401 369 347 750 336 735 136 467 464 220 445 835 901 682 99 584 825 698 822 282 552 407 150 430 883 442 310 762 263 323 862 416 656 849 786 719 221 440 520 104 471 275 686 485 391 949 658 944
555 430 752 663 157 325 123 510 323 841 365 288 402 255 301 159 638 723 667 231 158 81 985 259 446 907 932 574 659 236 950 824 675 23 244 9 249 943 697 7 826 983 128 770 888 297 564 375 29 732 102 606 248 257 967 452 129 322 367 345 505 476 507 566 287 896 292 401 660 741 876 831 268 741 564 724 848 380 551 991 275 882 925 571 970 820 877 693 981 109 775 217 510 509 401 206 309 25 267 677
105 623 59 106 818 34 132 553 799 905 141 709 846 448 588 505 705 61 464 460 367 142 444 709 844 958 920 618 745 780 256 377 797 814 485 59 822 218 108 695 197 275 636 780 128 12 734 96 226 682 956 672 752 586 301 130 654 440 998 356 624 246 852 756 530 826 390 127 36 597 7 793 718 954 198 493 227 412 344 370 2 271 413 342 487 354 291 353 5 250 676 362 835 337 252 803 792 426 134 512
268 392 611 456 679 431 29 663 454 270 955 654 866 164 216 502 804 933 953 84 895 537 109 816 756 67 626 59 934 252 432 645 808 236 323 104 595 428 767 644 515 243 427 590 246 946 171 816 333 904 88 207 81 64 226 846 339 989 193 789 409 314 355 155 258 392 219 183 865 385 321 256 9 241 741 273 944 243 781 531 324 335 955 71 28 363 541 56 595 274 927 584 387 188 616 290 612 825 89 537
55 469 599 934 802 441 978 86 748 32 853 971 671 191 138 484 833 914 917 799 745 276 0 417 427 78 985 473 5 672 677 200 961 794 769 754 504 179 851 550 835 37 970 516 708 845 56 175 130 665 565 679 142 877 220 68 232 104 127 345 181 637 535 529 527 74 488 320 666 509 741 78 106 637 769 515 93 250 579 978 982 95 453 770 524 752 563 675 219 921 621 551 484 570 794 597 537 735 82 627
842 162 383 692 731 280 143 229 415 148 561 21 530 72 764 490 743 762 374 3 968 205 705 531 389 38 895 662 705 439 249 440 48 473 747 249 657 839 595 929 71 934 746 310 45 186 587 538 743 331 520 753 111 902 585 717 259 119 889 335 444 768 260 654 703 216 346 649 921 787 913 846 376 43 703 757 59 843 953 477 775 49 408 681 155 526 260 21 670 438 692 31 862 228 43 324 340 225 751 647
856 273 3 151 23 906 86 103 786 61 687 378 187 428 215 621 578 143 423 890 183 68 709 669 641 155 265 400 61 251 564 201 901 651 144 94 541 498 250 955 416 444 687 342 927 143 975 495 858 469 298 511 473 635 376 990 367 960 261 722 280 245 304 521 207 348 472 221 426 895 355 676 311 220 196 587 425 447 498 474 673 371 846 935 29 874 609 858 141 977 221 695 751 27 109 318 874 798 48 592
575 702 636 494 785 707 483 854 735 227 591 749 871 263 33 859 335 274 261 735 257 985 478 619 342 487 488 846 996 127 742 513 830 858 2 687 422 611 260 574 590 531 436 525 541 556 707 931 231 738 617 947 66 774 3 818 412 350 441 126 871 107 784 868 107 469 324 630 144 144 148 548 368 208 869 123 902 215 195 152 368 347 196 459 191 762 871 144 466 334 788 186 262 958 627 283 388 505 115 94
790 772 485 801 450 374 153 640 840 771 669 740 633 219 927 222 143 377 12 769 706 292 72 656 206 860 258 434 740 605 787 451 555 33 430 364 165 877 826 243 824 360 121 796 983 830 107 829 17 958 298 922 437 389 262 326 430 525 418 434 189 999 230 82 293 991 831 435 668 652 917 726 107 490 927 258 897 217 92 879 205 782 344 125 143 757 460 737 291 800 885 22 117 682 463 72 910 355 500 544
780 979 14 484 198 4 408 763 571 427 990 412 646 418 331 680 715 282 432 259 526 452 812 740 910 673 931 530 663 2 609 745 474 930 384 670 551 965 109 724 502 926 297 842 267 23 55 419 729 929 951 894 559 569 406 485 953 563 891 922 92 55 28 698 612 595 88 416 754 471 497 459 69 555 49 850 57 445 354 180 935 702 254 485 525 911 613 788 952 643 704 757 562 356 744 69 136 488 774 932
896 406 533 855 991 857 544 586 823 604 840 835 49 429 969 202 948 973 768 734 796 683 938 105 963 144 424 261 792 354 112 977 11 554 383 168 640 703 931 782 527 774 778 131 809 622 110 80 634 343 483 154 37 258 33 580 870 56 603 207 794 40 95 799 796 931 444 78 815 343 666 149 925 89 536 655 847 919 7 875 369 629 606 967 60 803 150 315 233 664 788 865 581 678 898 549 554 613 2 387
296 610 733 892 423 245 647 421 568 513 147 785 750 0 848 660 138 287 172 77 967 519 79 370 369 882 310 311 345 367 771 901 640 105 262 135 560 623 693 434 114 934 978 454 690 426 858 841 316 314 713 992 696 696 330 583 918 559 108 709 636 679 920 350 583 145 663 482 602 154 734 940 481 199 523 968 433 18 975 72 983 186 354 497 30 204 661 750 715 252 844 873 65 546 0 623 633 496 250 353
712 215 934 723 305 723 323 208 877 654 352 618 122 782 992 864 308 636 712 410 856 86 830 347 941 583 217 760 733 119 447 212 66 482 508 374 942 937 535 94 387 626 634 226 818 982 184 109 214 187 887 988 681 562 471 35 966 716 444 575 302 754 375 581 435 684 544 481 458 572 673 461 461 130 511 519 347 851 667 272 915 545 965 385 299 934 134 705 971 813 739 759 489 143 137 54 580 643 229 897
463 936 762 748 660 570 955 997 586 203 597 55 754 210 420 948 970 932 850 616 392 611 505 330 502 928 602 628 250 447 723 23 863 439 597 92 111 297 220 52 907 68 219 780 503 855 760 789 671 305 748 190 282 367 913 109 465 69 622 622 564 644 670 522 797 472 540 410 877 960 985 185 37 224 451 415 222 847 788 17 218 139 371 754 804 902 724 169 898 319 210 885 398 160 254 2 543 887 98 775
216 900 376 916 624 74 915 438 155 952 397 447 230 926 779 73 530 74 286 717 576 832 535 625 81 732 66 242 134 518 269 146 842 533 169 544 781 401 547 659 690 876 183 621 859 407 690 675 597 734 751 344 281 648 532 991 268 618 276 454 627 841 113 691 432 992 925 667 978 783 690 217 543 830 713 639 170 412 541 588 905 688 120 606 116 384 900 909 267 709 660 357 116 489 501 125 319 406 59 526
59 426 687 198 230 73 366 766 666 512 471 586 717 439 456 556 823 516 660 485 247 112 605 370 815 840 552 324 352 152 526 888 337 956 710 21 644 575 230 114 853 796 648 125 770 835 564 403 435 340 906 392 470 576 42 113 63 635 26 145 103 941 830 701 653 463 904 796 521 871 956 124 628 34 824 320 921 948 622 485 713 630 691 237 734 54 119 447 602 39 868 0 393 389 816 623 419 37 68 445
513 97 13 683 391 15 763 956 703 739 990 440 695 696 654 866 309 876 848 785 172 98 795 939 431 977 53 4 973 632 286 710 946 618 274 11 258 675 464 632 803 930 519 599 378 902 668 545 921 729 21 459 297 532 87 415 925 114 367 3 53 684 866 459 554 608 456 296 479 585 590 611 483 996 69 872 380 595 81 638 264 978 840 817 278 993 355 146 887 579 986 270 346 963 443 502 648 753 851 422
927 477 178 121 330 546 783 135 499 934 629 552 152 915 836 740 254 754 168 270 802 513 142 489 22 881 160 759 968 758 260 216 299 366 754 676 523 987 932 120 264 869 367 701 509 363 924 831 663 325 765 85 307 816 931 250 363 574 128 484 360 115 389 224 846 500 136 754 8 788 479 790 899 26 420 843 811 56 230 385 107 983 746 845 432 254 891 546 614 216 839 8 191 569 466 339 88 720 561 550
430 342 212 623 313 810 76 63 73 794 390 927 125 969 752 131 532 141 855 221 824 249 72 689 802 96 611 73 643 74 282 136 533 970 820 839 683 715 736 408 483 345 106 450 140 787 826 912 547 261 805 586 634 633 787 229 229 300 384 936 353 427 665 905 511 217 353 37 254 671 698 845 602 839 936 494 342 740 914 188 783 157 723 38 905 429 448 947 607 951 279 694 715 509 516 798 980 203 427 985
351 878 92 706 178 833 895 824 845 258 784 886 407 560 163 925 312 797 918 963 689 718 872 698 62 436 62 232 312 29 309 107 565 407 65 720 245 935 261 599 883 913 92 649 950 670 192 227 819 619 192 291 19 582 911 649 925 959 79 323 989 257 778 220 169 605 847 560 912 318 903 907 742 557 471 270 518 34 912 104 296 162 838 451 298 763 611 661 28 847 132 729 272 125 88 9 443 962 17 77
813 806 391 290 993 233 820 506 765 925 311 464 380 989 432 79 24 127 859 607 372 490 704 278 589 18 323 214 698 466 563 743 83 31 601 321 770 575 626 607 965 721 740 814 416 407 458 81 446 715 131 206 123 233 965 361 175 56 539 80 282 336 184 941 378 39 391 569 236 362 273 642 184 953 517 579 783 498 135 86 325 905 884 115 560 227 318 936 223 867 98 450 292 385 836 927 854 679 559 401
284 14 862 240 545 654 606 716 14 960 540 864 151 927 799 989 191 588 854 869 48 755 695 514 371 90 21 889 633 495 557 133 278 236 604 927 697 106 723 667 843 341 291 253 904 951 728 529 440 156 911 521 537 972 352 718 892 884 118 632 27 725 63 361 412 340 583 504 383 331 22 617 88 48 144 461 444 466 103 234 95 793 574 242 457 460 438 171 928 938 686 996 346 999 219 400 428 555 616 775
164 362 3 896 198 162 236 120 936 252 592 779 431 213 914 192 4 970 365 532 276 934 871 59 356 673 258 802 497 356 338 124 649 205 929 26 306 481 169 212 136 213 743 996 422 851 692 920 620 441 266 918 822 700 90 118 181 507 934 626 661 393 979 998 948 828 287 484 439 931 432 550 140 239 358 227 348 360 968 726 239 708 844 16 125 803 517 786 19 289 374 999 456 548 592 983 470 70 556 829
151 410 206 265 950 410 961 183 182 941 910 229 388 743 874 941 967 393 459 769 507 258 739 596 842 52 280 770 192 624 326 234 158 776 998 460 489 309 368 700 76 705 90 19 191 490 772 845 204 485 702 324 925 821 889 17 536 161 4 584 514 171 372 84 885 622 795 329 812 743 129 318 353 29 987 374 469 61 779 966 217 382 437 371 812 450 986 358 432 758 526 813 533 57 876 937 195 407 416 331
515 521 228 558 322 224 401 458 4 866 216 619 937 238 743 518 186 197 785 837 294 976 4 483 377 893 539 392 444 272 896 61 250 995 640 858 707 339 245 758 337 723 493 669 583 190 781 113 985 755 821 515 795 301 941 436 38 158 807 53 797 569 608 251 197 856 866 199 219 406 164 653 934 126 509 826 160 670 295 0 310 940 9 182 91 256 290 453 654 199 446 857 64 848 676 46 472 817 327 654
877 9 111 792 827 788 933 929 701 826 188 180 794 566 319 122 410 742 739 807 250 630 754 521 731 450 982 150 174 985 508 660 971 462 744 292 920 459 493 762 329 157 410 101 668 87 10 859 773 945 608 318 204 223 734 542 336 805 822 383 115 998 332 310 711 214 177 739 348 732 638 433 160 289 716 598 325 612 680 701 796 385 695 939 732 740 164 336 450 206 651 290 124 671 763 617 81 600 253 426
87 285 662 240 385 173 199 871 602 961 564 823 966 664 134 34 983 590 47 843 921 701 99 713 791 606 119 717 116 166 251 284 382 285 701 667 682 835 473 480 569 673 391 487 755 595 74 305 781 903 563 202 297 484 950 813 997 823 768 337 375 656 173 937 72 408 673 952 27 457 990 56 914 187 207 903 817 470 666 175 431 91 642 690 79 480 804 317 640 545 649 495 266 914 158 916 232 218 276 551
84 471 19 597 885 453 345 991 694 87 333 804 270 504 301 989 696 247 86 845 406 666 96 994 363 17 726 576 501 609 718 604 151 120 940 889 465 933 722 903 269 95 457 712 185 750 396 246 435 772 839 889 0 168 432 700 773 84 446 868 941 672 939 503 560 272 710 959 651 144 684 262 741 637 191 116 475 308 143 115 453 849 75 18 725 910 206 828 265 768 179 671 308 788 460 143 777 324 257 348
586 499 836 622 583 242 680 929 688 964 490 79 459 123 898 267 625 880 863 942 108 976 686 710 439 420 714 774 658 402 153 949 184 892 806 548 383 265 532 482 527 448 285 518 936 327 97 28 416 822 705 711 259 924 587 561 155 960 723 974 783 489 43 697 855 410 75 490 542 654 361 835 179 19 11 222 50 504 74 455 880 148 531 707 856 398 443 855 548 305 231 233 88 595 806 613 74 123 977 21
841 685 312 56 276 925 318 471 951 197 244 982 730 499 432 234 438 679 998 700 803 768 429 767 686 164 96 54 679 854 56 133 780 692 948 421 320 917 880 634 656 568 801 912 398 85 168 548 335 437 20 933 35 286 404 879 25 705 702 97 58 841 208 672 45 166 368 344 178 179 610 881 359 776 997 648 962 241 370 769 456 148 59 275 143 183 55 59 533 665 411 881 36 377 690 794 882 774 762 764
104 498 809 367 105 952 997 92 314 261 843 306 690 700 360 606 921 457 616 446 424 769 251 137 686 425 5 281 174 681 557 384 468 770 288 698 165 353 455 811 849 581 977 727 648 327 879 807 534 61 345 881 552 648 314 690 659 90 47 777 49 557 869 610 633 67 997 555 822 993 583 866 885 429 66 920 159 364 343 535 616 326 824 354 865 867 70 571 61 21 832 741 556 560 196 879 823 825 871 887
729 996 266 597 423 778 437 630 451 198 100 394 342 755 164 828 816 153 537 669 294 319 997 327 433 141 997 874 608 935 219 438 112 628 326 929 412 137 708 217 273 621 664 532 490 892 867 492 499 407 691 316 193 805 251 848 897 446 676 2 279 944 321 363 64 237 532 479 991 94 244 475 341 489 465 275 214 449 847 480 636 526 877 153 10 486 945 342 713 681 614 475 917 730 309 124 33 931 194 681
614 697 106 992 324 921 374 756 865 155 604 671 505 977 75 660 388 759 276 233 951 47 112 701 863 521 256 739 511 660 841 288 974 159 120 238 545 694 325 293 451 233 928 724 722 227 638 280 71 172 819 797 272 761 155 553 574 968 209 885 970 840 335 531 650 306 227 94 323 900 67 735 993 35 598 644 722 674 198 200 551 145 59 638 702 839 542 594 359 120 386 316 587 603 789 846 768 913 332 995
489 683 895 233 337 247 850 552 600 668 991 562 17 4 270 591 37 48 968 798 819 987 482 46 289 25 786 415 191 470 546 529 670 257 7 851 974 478 416 417 964 442 168 852 744 967 247 926 402 379 57 104 712 293 833 486 541 90 146 525 100 137 754 26 299 469 699 511 695 163 415 634 783 369 866 150 506 41 736 72 784 409 823 699 552 136 957 586 128 83 566 333 856 132 899 456 909 134 392 376
966 677 740 947 97 258 29 690 918 405 54 645 515 107 449 622 889 740 921 513 439 664 913 64 466 351 667 23 241 46 765 731 690 366 329 324 690 485 448 655 187 23 730 475 459 612 383 727 495 366 965 819 377 422 688 153 188 627 43 609 82 713 8 662 749 651 515 99 835 174 782 709 210 596 920 676 278 910 197 531 50 530 305 60 808 470 956 453 847 829 727 458 524 2 286 536 722 636 70 359
513 145 930 257 626 878 847 307 134 900 828 711 79 778 857 254 345 978 609 1 614 702 130 507 329 673 584 434 404 127 433 838 976 30 395 416 660 151 395 630 830 328 318 818 970 68 603 954 363 569 458 268 236 622 137 624 694 191 144 708 417 330 421 677 554 759 168 315 407 58 938 191 638 555 88 597 774 417 523 903 886 464 306 665 299 879 483 708 351 746 855 137 231 198 566 401 552 442 959 505
111 400 968 168 619 616 635 398 8 890 414 408 857 908 348 120 911 619 280 820 895 539 3 787 642 601 92 87 249 57 933 972 913 407 949 117 608 272 763 702 467 295 568 777 741 22 877 440 509 538 168 836 168 601 412 891 160 712 320 341 152 599 503 718 790 405 475 322 310 281 390 969 123 875 380 256 531 508 370 947 736 528 779 693 93 480 545 165 992 518 194 187 388 837 73 206 837 759 918 728
489 917 743 750 12 266 105 924 9 716 366 378 158 514 789 709 536 206 127 394 415 597 683 692 351 356 336 559 310 64 828 139 640 446 754 603 503 84 420 390 719 952 230 850 720 78 419 864 756 601 315 12 7 184 419 263 175 710 289 986 889 815 617 349 757 835 422 41 502 452 298 114 211 261 99 205 518 25 394 926 144 36 380 498 418 841 269 774 351 596 623 617 107 246 487 55 937 740 657 24
820 784 491 292 56 743 845 983 501 193 547 233 849 988 239 886 192 729 694 673 376 218 743 489 249 577 98 800 64 722 846 612 774 198 867 150 876 941 836 422 830 516 451 242 899 437 227 160 549 442 367 423 611 492 524 583 335 513 373 369 815 217 387 180 386 576 195 727 205 449 330 668 672 996 66 679 348 120 694 817 96 668 67 561 462 987 610 346 245 892 133 385 101 272 275 787 580 572 527 120
41 249 25 441 691 755 690 286 493 467 149 299 99 194 462 542 44 85 633 516 290 843 498 774 230 947 701 171 558 145 238 254 457 689 807 130 811 151 855 917 302 954 818 379 522 351 10 328 448 213 479 997 482 6 188 867 404 970 311 373 906 240 92 481 256 612 643 895 242 200 709 665 886 872 110 596 884 670 233 756 391 589 858 479 637 560 178 39 454 314 385 996 358 732 747 320 327 360 594 160
438 523 849 580 925 136 980 449 636 759 304 668 797 32 438 241 187 236 837 788 763 811 870 18 603 52 197 10 632 640 151 872 179 408 210 318 894 117 502 832 500 871 495 991 751 718 977 620 170 574 977 490 962 526 862 487 991 98 443 869 501 142 869 146 921 191 51 182 204 133 716 518 152 786 855 56 983 686 959 681 296 942 190 24 348 278 904 606 716 802 950 441 368 897 252 525 295 418 587 674
527 75 407 238 934 425 444 350 709 22 591 59 822 504 724 552 900 810 994 519 481 541 252 645 975 311 103 76 151 7 456 986 822 7 577 113 822 643 914 749 409 459 547 375 547 320 819 887 501 353 746 794 921 849 501 175 31 294 136 534 635 921 74 973 719 673 333 254 57 44 621 947 432 227 455 936 548 651 852 78 324 162 154 240 407 357 497 821 854 744 228 312 65 866 122 38 988 789 834 897
767 785 121 624 507 14 270 380 417 685 620 246 674 843 934 619 617 221 322 960 85 57 52 149 667 598 352 577 415 777 599 819 452 756 301 809 186 245 496 114 664 358 296 665 920 884 756 187 487 214 202 539 276 26 353 901 675 317 151 844 780 526 783 146 931 822 246 564 786 561 311 418 839 892 610 844 290 890 700 248 730 137 298 655 755 588 932 571 926 693 214 822 631 484 571 447 950 59 704 176
824 183 994 678 191 19 421 208 730 233 735 383 125 186 501 403 794 223 335 575 754 808 174 665 890 225 764 467 339 709 102 181 625 795 16 68 505 732 174 599 714 437 702 306 176 923 263 35 195 907 125 387 602 679 389 669 144 480 897 190 80 924 402 614 9 917 841 88 391 583 661 946 243 513 824 549 531 104 275 186 547 980 2 845 556 11 543 903 934 52 865 942 902 564 28 95 120 665 41 752
942 809 526 363 91 820 848 903 314 371 915 720 674 376 742 73 75 307 364 667 356 892 515 610 825 873 230 939 959 899 159 64 551 901 579 899 826 934 850 871 854 259 222 958 214 567 82 174 323 455 910 94 359 936 386 815 742 732 877 528 599 97 152 495 530 427 797 319 287 148 704 483 564 768 279 791 846 282 383 773 215 882 929 495 886 665 985 681 445 198 459 885 828 739 129 350 909 846 821 426
356 687 284 153 307 196 43 410 427 895 383 987 31 240 180 917 586 426 174 964 577 611 749 858 360 816 809 679 766 273 318 562 794 827 946 209 477 796 628 657 258 816 89 288 11 925 699 616 575 750 869 66 508 55 148 301 612 335 967 458 627 6 200 671 335 963 434 38 164 997 531 240 249 847 453 660 824 373 579 559 348 933 433 173 761 539 629 881 236 239 668 404 539 118 272 83 161 534 500 118
879 443 612 621 745 255 571 827 158 347 922 963 940 629 495 289 196 196 944 798 335 335 556 744 892 637 791 479 547 172 413 343 595 318 143 953 951 648 805 278 4 341 626 772 498 491 386 721 82 853 38 875 668 233 564 653 587 859 2 92 962 322 751 339 541 206 601 485 384 320 619 531 621 361 179 869 999 306 986 621 309 182 822 855 623 882 886 416 247 8 496 934 375 768 156 317 852 51 358 689
979 925 297 977 62 837 293 780 416 71 762 566 397 339 882 799 419 477 837 947 353 449 844 870 298 258 167 839 641 832 826 341 389 317 707 829 389 167 395 970 893 596 507 702 636 85 765 336 132 931 433 450 212 154 761 185 521 950 221 200 530 570 743 461 713 408 784 897 847 415 856 97 573 197 375 888 517 425 900 484 578 589 316 970 491 40 952 896 770 346 312 286 80 127 952 935 49 5 924 906
745 994 857 245 773 177 974 509 195 995 809 777 309 58 924 126 225 652 778 739 712 15 886 197 222 336 755 496 972 748 36 410 971 237 406 650 711 810 825 473 246 874 557 527 86 297 846 674 145 143 288 566 741 366 820 219 604 772 726 762 871 211 457 383 81 547 69 807 965 959 86 15 609 798 36 450 83 994 700 686 892 399 240 451 474 322 868 376 263 919 506 933 120 312 99 694 872 783 703 785
411 408 460 111 599 30 769 276 88 746 887 283 688 458 920 628 948 229 152 145 20 106 772 185 742 452 690 809 107 918 626 865 501 467 214 668 908 720 129 935 406 366 830 402 861 129 349 184 568 927 400 637 405 185 867 165 226 389 689 30 939 612 775 252 485 858 647 423 265 308 283 713 289 458 253 345 259 603 859 560 349 744 371 570 599 515 700 751 390 577 296 64 48 534 267 856 695 744 553 220
95 849 9 389 111 954 450 60 655 642 885 545 512 832 354 953 606 555 597 234 228 596 598 267 6 42 663 255 184 877 962 253 376 74 403 686 239 188 911 228 335 891 391 538 45 897 15 541 174 652 861 440 137 352 677 519 971 896 822 793 160 793 221 44 160 540 98 464 596 868 923 354 803 791 351 260 302 74 948 764 471 349 55 972 86 866 981 222 481 753 567 364 568 673 684 447 726 199 636 121
487 574 609 63 402 233 454 911 572 302 763 938 36 647 504 878 758 709 330 26 392 680 199 88 401 348 580 74 51 534 326 470 710 672 556 936 221 255 896 839 583 318 874 968 506 255 63 685 94 724 648 992 352 333 972 695 263 833 320 340 88 148 403 306 440 871 415 545 757 574 478 821 285 3 926 644 771 309 459 375 132 661 510 638 173 439 531 297 818 11 166 321 636 38 41 409 889 819 963 6
352 266 90 45 111 897 628 614 904 344 165 840 228 217 922 144 428 83 591 111 238 222 180 512 802 132 479 379 124 515 973 226 224 676 184 293 253 568 130 885 941 420 74 200 659 620 287 973 108 121 946 58 928 883 302 711 615 712 621 186 889 141 855 893 539 329 576 645 189 412 226 224 907 331 986 947 196 79 475 406 456 101 23 233 120 541 98 346 448 204 57 549 291 467 198 399 92 490 15 524
767 250 620 684 613 504 657 352 559 210 429 355 377 150 12 770 561 130 321 223 853 360 326 484 170 12 284 969 0 458 627 702 771 658 690 156 383 740 547 359 757 491 419 710 693 151 151 179 948 749 263 657 295 29 220 300 84 316 762 7 311 551 104 646 860 294 32 431 83 376 848 244 607 522 598 894 545 60 466 118 218 324 879 461 257 21 148 751 39 887 867 703 274 316 603 456 220 417 756 897
683 265 333 653 139 691 671 987 532 802 845 484 582 570 600 43 113 260 907 228 37 948 235 795 860 841 25 566 543 126 822 860 28 143 498 315 913 263 590 256 311 976 149 112 442 392 651 130 285 746 347 417 156 49 382 142 380 887 511 113 175 597 529 705 56 891 856 103 530 511 529 380 910 251 737 27 768 300 199 287 864 125 120 363 119 759 460 313 967 523 961 984 954 82 349 7 397 288 679 668
424 433 490 775 468 664 435 946 387 49 995 360 134 716 497 200 725 549 974 94 754 865 640 457 644 249 484 256 40 320 105 592 5 71 103 84 990 920 762 361 401 471 939 800 531 294 63 763 419 799 145 193 689 645 939 595 673 539 812 446 735 704 858 393 115 216 485 733 801 321 916 558 923 48 981 816 533 866 373 865 676 282 183 41 980 814 776 315 786 383 779 430 40 120 969 13 985 789 286 510
130 44 186 254 84 254 647 273 843 682 773 977 494 834 678 151 698 237 169 749 406 627 896 372 367 229 698 260 112 450 259 946 994 796 981 748 839 619 70 167 497 574 769 35 30 271 120 265 3 515 803 490 373 548 530 292 176 227 164 793 363 807 469 856 241 186 474 557 167 943 817 725 299 932 938 273 407 721 549 284 596 222 97 258 690 828 768 287 12 308 232 577 736 194 87 645 217 9 562 907
264 916 968 33 270 65 676 48 250 525 563 59 833 740 330 223 741 207 760 283 254 247 82 36 74 855 558 208 347 845 625 772 794 480 14 738 720 444 980 61 1 714 352 414 311 600 618 704 124 88 403 948 544 376 745 95 549 655 779 4 0 42 447 638 542 996 335 499 752 879 771 284 508 18 418 607 785 923 546 158 874 54 840 309 226 62 328 169 21 725 896 560 518 184 697 504 658 433 469 359
859 607 417 756 958 426 351 685 58 605 219 836 337 868 995 622 766 684 404 108 2 518 677 516 15 499 679 956 832 965 952 226 836 837 610 694 122 801 821 512 872 564 757 681 403 798 96 112 74 320 371 981 496 400 471 94 48 770 587 484 286 583 673 144 23 133 176 168 215 315 513 894 922 665 145 857 648 628 497 683 894 82 999 867 946 475 709 262 267 352 136 126 481 396 151 88 901 78 466 761
605 805 646 136 810 936 898 365 495 783 17 448 173 898 428 708 172 68 296 124 265 425 224 3 919 127 82 616 947 697 188 180 278 586 302 313 250 897 847 608 284 23 810 909 200 988 431 900 803 895 167 374 903 871 756 363 646 342 67 71 41 236 851 413 159 969 108 277 452 781 31 308 605 917 370 638 699 551 208 172 622 437 273 55 680 152 189 311 306 10 712 337 442 658 233 520 365 738 225 988
336 181 914 383 209 940 388 463 780 581 424 587 147 888 20 929 662 672 379 464 478 642 680 750 658 948 148 485 266 865 757 915 485 826 869 542 82 844 863 755 690 832 131 802 527 409 351 424 689 701 75 209 539 490 493 995 749 816 205 808 641 426 536 5 614 653 0 720 47 104 367 429 503 554 639 60 645 979 922 361 86 733 752 794 396 992 250 948 369 147 247 383 170 461 408 506 579 876 556 639
540 936 368 960 720 201 158 508 758 202 890 45 964 368 617 239 621 602 726 822 537 16 495 222 771 658 289 543 132 128 237 487 509 201 3 758 791 516 316 417 252 531 368 85 256 142 365 899 874 394 42 230 13 989 296 389 917 19 606 322 463 599 740 310 794 595 993 903 73 650 38 231 741 198 472 359 107 154 948 746 213 214 74 256 54 407 638 366 143 643 746 844 588 144 530 697 684 650 93 274
931 575 596 798 857 631 675 271 60 399 329 437 47 671 342 736 548 744 768 238 580 215 884 148 506 421 437 419 95 867 774 291 709 865 101 590 995 365 828 222 98 986 111 217 333 943 461 537 314 474 479 701 484 60 527 190 821 214 283 218 390 690 947 236 437 242 46 804 755 612 852 939 126 841 827 4 290 706 132 984 785 908 648 136 232 424 223 376 14 874 287 377 276 971 406 283 492 240 57 166
205 178 525 701 987 397 925 45 620 135 989 800 838 495 0 587 170 111 142 896 815 548 540 895 299 229 647 88 293 185 464 553 346 122 241 858 276 561 799 875 251 166 818 577 71 179 86 845 11 78 180 733 920 744 721 952 618 515 519 807 542 929 737 3 958 654 556 722 961 844 7 385 242 242 209 562 742 970 466 926 597 928 294 14 901 963 116 973 908 64 810 884 724 149 93 256 807 211 510 464
91 186 862 959 142 614 197 690 979 751 522 126 464 659 733 850 75 487 249 592 202 667 477 944 858 375 151 855 887 247 142 534 634 494 772 628 833 581 919 12 660 908 920 914 492 736 477 563 261 143 503 704 456 212 756 329 560 322 437 967 121 32 604 221 50 244 610 250 435 332 901 71 414 338 546 314 589 362 742 896 123 432 507 577 125 867 210 49 591 391 875 421 731 834 824 323 887 410 497 558
461 247 467 329 437 852 615 492 902 592 689 309 135 328 774 328 744 439 445 909 753 780 557 739 633 446 897 935 509 656 668 976 885 68 709 410 796 719 93 927 903 558 256 529 291 882 58 606 130 525 894 462 197 732 792 296 701 898 876 830 976 28 670 682 254 553 135 206 314 383 645 127 598 849 625 623 160 255 604 21 477 90 328 385 94 991 322 732 372 34 136 4 873 599 260 845 497 222 802 116
671 275 403 984 423 657 597 313 853 700 995 864 292 835 879 292 838 887 653 743 511 422 774 132 662 565 688 558 960 922 418 535 429 813 240 239 773 707 786 376 462 985 807 489 606 25 156 677 853 884 509 340 474 417 441 555 355 679 121 969 547 107 336 194 634 797 441 493 733 827 122 928 867 741 573 235 711 95 109 253 512 641 431 87 966 73 356 917 635 30 799 897 996 512 673 734 124 574 505 411
939 417 838 569 256 409 13 580 888 230 701 143 578 622 179 346 593 703 603 210 348 187 119 405 372 312 48 94 756 572 91 440 820 346 74 933 892 120 293 287 717 349 536 730 158 724 289 814 743 913 421 453 18 932 880 812 152 532 413 25 849 418 577 647 902 83 458 486 406 568 714 363 799 823 830 836 518 402 958 876 242 699 354 640 92 870 429 419 585 867 68 862 559 626 498 85 523 375 576 123
881 646 595 891 802 644 160 281 898 225 349 743 433 134 715 407 98 991 400 652 963 867 820 603 287 509 901 10 305 634 51 645 219 561 405 566 93 891 287 731 925 652 375 529 688 393 631 742 94 863 796 885 279 314 799 6 457 33 328 712 292 161 306 285 911 326 779 715 817 171 809 337 102 87 92 237 410 14 196 65 229 536 845 224 522 216 348 819 786 898 837 386 369 971 675 793 754 748 643 664
658 350 83 399 324 98 167 364 692 297 770 425 119 811 400 969 500 820 268 806 783 439 354 356 219 247 256 499 307 718 288 370 436 224 595 721 121 575 976 455 784 993 726 657 682 376 907 561 638 354 687 855 762 515 228 37 987 466 905 419 310 932 442 604 351 615 970 411 687 3 967 655 919 141 34 73 941 991 752 736 147 251 934 716 848 613 893 710 922 584 762 607 308 683 288 896 733 959 288 856
171 588 668 461 803 998 984 842 831 360 18 438 792 416 44 437 659 230 311 630 146 138 347 612 712 138 603 691 719 371 555 709 619 894 189 227 358 199 469 116 710 501 350 0 578 187 187 536 766 350 418 953 70 111 928 531 58 114 869 228 657 281 358 136 655 774 587 229 143 859 168 71 160 818 302 17 573 251 870 69 225 768 244 307 196 877 939 757 297 567 598 319 193 805 725 639 164 195 278 849
877 786 588 664 146 627 327 624 206 188 894 220 195 667 712 742 485 741 441 492 765 557 611 267 568 448 107 453 185 495 129 258 164 925 902 508 271 338 101 551 865 517 143 585 880 563 702 112 422 966 330 903 36 933 692 786 524 339 940 690 275 751 387 387 476 734 573 82 723 176 910 122 290 248 807 790 488 625 600 310 976 338 985 941 635 62 845 607 240 690 786 515 264 644 399 707 767 812 538 269
167 898 576 714 507 128 365 755 190 199 230 266 827 899 211 209 960 205 731 915 489 682 721 505 619 466 86 2 232 338 324 864 431 871 42 73 853 156 166 571 317 208 588 81 407 344 834 165 511 739 293 388 357 49 628 639 324 845 519 15 495 533 751 850 811 783 807 653 836 578 103 943 276 546 886 104 639 918 587 919 290 762 952 612 524 320 780 809 347 115 139 572 967 138 633 275 891 431 380 85
917 749 880 297 148 496 569 729 306 904 910 613 160 300 491 628 252 273 931 497 262 652 983 524 647 955 429 324 354 326 634 128 15 216 653 387 529 876 109 860 410 863 686 865 106 718 714 404 205 88 661 217 900 920 612 334 886 421 47 957 233 92 232 185 173 115 758 974 863 104 189 604 617 202 184 934 97 215 291 630 646 461 723 340 781 761 690 710 494 307 985 499 953 491 404 548 930 550 518 692
180 705 655 708 460 229 883 508 348 164 597 682 838 117 126 754 63 911 715 584 893 325 961 268 82 722 288 852 153 761 753 774 585 642 195 758 241 833 260 654 941 774 921 361 486 85 387 777 448 163 202 129 413 122 503 599 850 982 420 848 231 127 531 405 133 261 346 826 208 84 81 624 383 241 626 322 368 152 892 232 857 214 95 140 846 69 159 52 285 27 592 500 600 556 323 296 422 313 992 679
552 684 199 617 616 971 912 982 921 258 476 362 603 439 461 328 534 429 208 456 546 324 484 394 812 269 110 921 433 471 152 949 844 885 171 572 455 190 526 950 884 128 435 500 824 626 309 222 762 777 555 751 813 607 599 374 402 616 607 74 660 38 8 649 417 351 880 265 639 687 458 462 117 855 65 257 79 453 552 466 647 798 349 824 127 965 508 592 672 811 176 176 547 509 625 107 252 654 604 348
670 721 847 221 607 31 863 907 689 443 577 577 232 944 323 251 449 493 85 628 10 198 421 815 618 428 568 125 697 716 983 75 581 360 326 243 856 318 532 622 355 744 976 500 837 399 220 18 660 943 648 505 212 637 808 753 801 111 461 752 905 343 833 326 652 45 187 164 985 490 534 510 888 337 261 445 36 748 802 722 195 170 154 831 264 803 523 258 130 527 51 497 365 818 466 728 405 997 854 252