228 477 914 165 962 695 552 147 398 632 377 263 979 275 237 468 377 211 194 51 34 434 80 21 269 452 754 177 485 165 53 863 68 533 271 416 171 215 744 329 459 773 854 588 882 263 523 83 113 933 394 371 806 325 117 725 4 129 968 355 5 986 933 213 110 583 195 248 319 578 378 129 397 468 888 762 25 973 77 783 665 20 183 733 22 204 256 364 623 883 411 677 551 457 633 127 178 704 1 107
597 170 19 574 133 46 796 633 613 35 878 236 165 288 688 36 451 407 616 377 16 891 62 162 952 955 64 716 422 782 519 826 414 669 815 634 833 968 76 415 239 279 684 759 700 994 502 404 455 792 706 452 991 155 867 855 74 768 141 156 627 241 975 867 170 225 349 685 544 943 128 395 643 797 97 204 341 960 395 811 311 637 467 448 924 861 554 996 115 768 384 902 985 253 624 808 845 155 957 651
985 870 739 199 505 710 11 80 748 593 370 888 772 857 151 257 230 836 53 291 266 755 908 838 562 174 650 510 707 259 524 803 592 899 967 427 723 673 542 369 327 922 857 873 92 681 586 531 241 891 947 368 78 604 271 526 277 76 327 926 548 923 148 793 638 417 809 171 322 507 941 937 76 659 94 308 888 384 9 937 982 202 449 569 140 764 538 884 998 504 677 21 879 576 754 433 387 806 642 219
991 33 338 500 346 294 827 550 723 462 794 164 680 244 813 397 322 113 180 248 458 538 748 64 983 859 0 685 331 531 833 682 46 888 972 722 230 565 688 901 698 866 170 443 471 567 111 451 867 606 853 696 631 759 372 388 761 535 680 201 436 773 149 752 43 299 785 610 451 76 530 649 244 545 335 358 79 395 85 633 922 713 521 258 740 577 193 650 137 181 561 703 756 491 885 277 979 257 986 719
792 229 222 885 333 340 141 442 193 941 973 172 280 618 310 362 502 894 192 885 765 377 581 14 541 476 184 186 211 410 81 403 66 61 545 498 124 296 58 397 455 82 18 451 780 757 697 961 706 333 215 961 310 810 81 232 415 910 169 21 166 262 716 617 69 516 688 808 818 886 35 775 500 779 929 181 414 726 367 603 706 487 605 475 344 661 181 253 272 660 385 66 925 128 520 221 486 230 850 947
374 197 254 300 310 745 292 584 673 590 681 791 86 360 443 15 155 13 736 912 792 258 841 893 781 100 956 461 911 581 471 571 287 283 72 49 315 474 894 614 331 492 363 832 604 826 617 291 570 557 60 215 95 24 653 38 209 490 310 115 460 129 219 872 555 574 868 321 302 97 229 550 668 303 232 416 330 959 967 864 334 279 892 440 288 513 218 964 476 707 949 375 492 1 650 579 487 641 327 455
678 532 63 988 32 787 723 259 675 993 139 619 609 296 159 904 498 795 111 226 807 326 156 284 693 143 994 921 266 636 77 615 107 906 441 852 215 962 548 594 323 692 331 163 232 608 834 326 210 612 117 326 603 237 448 666 321 287 14 977 942 712 251 652 881 968 816 209 704 322 795 344 208 766 789 811 632 351 385 555 812 589 795 245 11 456 148 205 864 493 195 961 877 377 590 769 904 237 0 710
495 349 483 75 945 823 738 324 646 806 85 10 141 896 714 528 757 974 818 475 654 876 300 913 960 928 248 493 903 183 866 452 375 271 982 288 219 55 285 96 386 415 280 609 817 294 507 739 183 375 885 942 654 915 29 618 398 121 819 857 423 561 721 19 851 148 488 221 952 545 577 326 430 867 908 841 928 216 94 968 499 739 580 869 942 11 456 192 129 83 315 200 859 33 517 262 611 225 190 743
250 97 859 293 309 999 860 911 545 573 828 35 595 445 71 391 171 68 802 707 892 456 949 104 912 940 921 141 367 439 880 903 722 19 99 275 660 609 622 819 750 227 985 368 208 595 207 341 496 774 64 756 624 646 825 809 595 849 59 641 349 737 570 529 473 453 343 522 954 579 829 234 898 252 473 782 67 259 594 618 791 697 101 877 162 145 153 673 315 486 183 220 685 380 171 436 472 983 927 611
628 671 389 698 986 305 574 218 807 844 4 346 588 666 617 332 824 53 361 645 628 873 559 867 569 676 971 182 411 209 472 684 809 582 251 204 677 989 571 308 827 195 71 733 304 900 698 678 858 924 446 432 690 290 240 751 521 599 912 651 978 405 17 903 165 291 742 486 11 416 667 360 760 174 522 656 780 73 49 339 703 535 401 56 229 674 413 491 975 417 543 355 768 537 249 499 743 66 942 806
863 87 586 913 683 898 644 49 35 546 639 487 744 794 720 989 651 554 252 904 583 553 834 333 515 366 28 808 596 974 389 671 294 692 578 174 862 685 838 464 218 952 849 767 973 553 311 904 261 584 880 780 679 86 446 782 27 606 909 80 788 590 800 324 221 964 365 751 718 707 996 464 104 799 12 477 805 696 300 896 804 22 175 818 392 18 875 657 983 939 948 833 797 509 827 1 804 518 141 781
702 449 68 236 666 565 888 802 572 686 71 520 688 708 946 611 343 432 689 143 553 465 923 10 369 539 817 725 438 729 806 886 730 33 980 817 775 50 699 559 168 266 339 870 531 371 886 716 31 993 883 217 911 302 780 381 672 152 37 3 864 640 47 954 521 35 946 654 879 888 500 661 496 660 990 734 947 917 42 77 208 155 50 984 740 763 438 724 295 300 92 13 667 843 897 865 279 393 670 683
201 215 2 37 900 190 991 753 853 813 57 303 76 373 163 115 141 737 192 627 841 326 497 167 639 73 499 943 493 894 742 260 9 915 330 248 713 152 90 593 192 755 122 601 776 833 820 0 64 262 647 362 492 483 556 777 42 583 796 251 596 803 130 809 752 959 534 362 669 303 0 253 891 258 51 971 432 140 30 800 752 358 763 379 573 975 514 510 343 926 159 760 138 2 329 166 711 408 271 134
942 187 926 647 154 549 600 152 901 197 542 410 299 986 641 587 369 966 778 944 211 391 918 134 97 407 501 805 858 958 17 876 904 242 750 672 332 215 29 679 928 15 32 185 891 118 285 445 388 916 606 447 6 253 702 419 393 104 369 309 31 696 816 919 799 884 684 109 870 675 540 999 456 626 463 604 536 472 886 930 133 584 379 485 194 151 703 29 421 182 394 977 254 324 18 113 956 94 375 45
302 967 178 554 215 607 355 934 40 829 985 381 941 168 826 197 61 799 293 273 950 461 923 741 617 290 468 517 362 105 378 38 228 15 633 43 951 532 429 653 924 566 473 330 191 607 287 794 626 785 718 695 412 66 611 507 878 754 980 964 205 329 978 181 444 329 508 444 651 161 901 674 771 513 610 763 986 699 298 882 448 341 317 336 311 23 863 606 257 22 682 98 374 410 343 573 961 669 194 306
952 831 451 348 805 662 650 256 407 445 731 320 971 730 634 734 500 165 660 487 529 437 616 408 669 762 800 94 807 86 562 544 979 338 611 913 554 258 550 996 663 84 507 47 33 355 380 751 747 349 155 679 86 930 116 680 760 782 399 216 37 556 552 542 28 61 269 667 165 5 349 932 210 730 381 518 911 946 556 646 949 821 772 506 514 910 884 717 324 809 708 918 75 637 988 425 121 38 678 803
277 929 387 843 152 171 88 566 578 118 644 480 619 259 101 109 621 743 606 483 458 779 915 540 36 279 2 5 278 241 748 770 30 654 221 775 897 115 277 739 676 155 550 567 498 623 492 286 558 449 980 436 799 569 5 74 388 586 39 778 36 13 892 170 378 495 914 15 169 783 274 626 962 586 452 431 305 716 579 366 794 38 831 418 141 22 301 440 725 802 793 853 840 549 301 469 818 903 286 54
128 372 25 674 113 906 250 847 134 309 629 896 313 83 144 898 141 17 400 695 892 223 814 39 885 236 434 698 368 498 66 509 899 706 334 983 568 244 556 222 319 423 249 382 374 130 306 801 424 270 685 792 595 883 46 550 607 939 224 956 991 822 205 230 493 119 38 972 735 39 743 861 34 437 909 18 696 896 59 240 700 399 615 292 878 947 923 315 841 235 227 305 691 816 514 86 520 91 477 188
364 575 403 79 466 459 320 840 525 50 666 391 301 76 800 663 368 105 802 374 903 157 225 703 560 667 949 161 681 283 863 44 296 722 478 219 202 37 626 958 277 304 811 524 370 215 328 867 304 652 919 983 376 520 166 586 647 379 223 588 26 684 495 39 245 405 811 573 620 59 178 466 52 362 504 971 583 504 219 195 184 334 19 681 311 982 956 962 266 269 910 500 410 138 242 322 859 531 981 504
78 223 756 921 591 500 537 786 120 400 829 133 762 808 808 903 206 271 253 672 949 672 386 547 289 5 987 595 266 783 204 248 518 386 755 59 897 402 551 895 969 319 635 441 787 85 745 540 719 417 516 27 860 799 7 650 135 128 854 466 260 659 213 252 502 734 712 39 191 451 113 682 484 125 55 430 556 798 152 691 337 985 637 662 509 95 322 152 699 103 819 282 93 416 44 616 754 863 355 374
803 628 25 48 906 682 866 586 880 925 368 543 704 808 149 999 596 735 204 450 831 853 677 234 38 210 107 289 333 705 302 870 713 381 242 37 230 16 565 235 842 871 294 435 703 544 270 481 661 491 495 57 372 334 298 136 635 774 835 399 533 996 518 703 213 530 302 157 970 336 372 997 795 579 596 12 7 260 213 363 368 806 994 938 546 508 837 747 609 909 488 57 317 672 560 87 352 129 236 713
413 51 103 228 977 56 332 400 438 673 995 249 356 538 314 838 399 828 224 573 66 168 801 144 519 291 461 518 931 956 471 217 802 748 895 800 21 361 684 386 750 117 939 47 874 466 943 823 785 117 602 54 352 898 5 154 390 452 898 288 848 985 693 591 82 330 331 46 781 665 415 217 759 515 243 514 56 233 964 99 431 914 132 14 747 909 640 446 284 70 655 404 166 91 945 470 879 947 56 670
588 457 721 58 790 860 950 427 83 178 569 936 747 225 253 257 821 869 374 378 894 888 722 836 348 473 379 159 688 440 761 551 577 773 752 587 976 465 454 462 956 369 82 748 631 404 560 305 841 357 132 489 4 281 432 619 989 929 595 970 534 324 545 916 995 250 966 100 753 447 761 993 356 101 524 250 374 995 601 4 49 218 832 525 696 802 866 453 975 423 139 826 896 98 347 739 405 505 167 915
670 96 19 576 889 885 187 356 363 271 501 44 266 635 339 750 866 862 318 960 602 0 618 895 653 33 775 463 955 92 659 41 493 823 818 555 509 141 529 514 168 684 200 492 145 659 133 490 500 970 257 655 462 37 503 869 231 335 753 617 641 863 35 12 744 632 827 504 925 399 951 849 703 759 340 900 256 122 482 616 656 350 243 186 138 77 59 804 961 627 753 950 838 176 838 650 765 332 733 0
757 578 731 363 110 535 117 176 342 98 468 341 145 302 20 896 919 573 353 361 270 816 734 550 969 137 395 372 479 217 357 619 850 215 630 379 156 152 726 640 467 993 98 662 122 417 697 158 252 575 798 30 622 992 703 670 577 405 164 500 965 986 422 976 995 956 564 69 275 597 748 311 289 259 973 29 773 313 451 16 169 335 260 977 58 298 817 366 813 613 152 301 764 280 938 714 495 626 621 989
913 83 405 708 728 691 957 720 293 362 411 622 379 657 508 120 807 400 597 745 582 97 910 551 298 387 513 883 973 914 641 729 559 554 961 197 57 426 164 572 243 207 197 669 872 433 324 268 364 225 302 527 411 644 717 260 158 970 663 308 305 948 670 341 811 279 596 880 358 732 0 434 962 623 912 402 780 999 873 365 370 455 967 286 59 79 440 183 391 507 435 593 283 797 790 689 949 169 999 936
736 837 496 852 925 185 739 260 395 867 949 434 861 498 756 432 892 787 889 507 289 273 253 339 452 31 323 989 275 819 858 346 67 473 549 995 880 186 415 631 860 41 999 264 224 638 419 830 686 632 803 379 417 398 995 111 609 30 847 56 347 747 961 164 235 460 82 406 593 215 551 678 940 215 182 137 297 394 216 879 571 939 603 7 887 417 681 512 186 781 212 506 207 543 155 304 543 123 1 768
404 883 178 780 245 622 901 349 150 188 546 597 712 905 994 617 925 624 62 837 422 441 125 517 558 959 858 17 27 803 184 320 96 930 691 324 297 569 291 273 629 845 252 179 386 18 447 130 402 367 75 406 409 356 354 707 336 344 599 269 169 873 742 207 957 224 51 739 329 278 576 583 83 407 612 572 551 106 269 538 887 660 237 526 909 193 604 193 50 247 3 771 225 146 460 7 47 186 268 331
922 352 899 62 446 11 750 593 72 10 369 130 781 996 478 881 975 154 8 103 413 615 905 624 200 958 780 39 116 857 201 576 319 995 853 501 320 279 840 259 570 125 629 535 670 539 832 729 488 900 744 465 340 304 8 389 382 652 649 338 878 533 997 619 163 940 202 680 592 189 618 578 99 754 277 121 451 992 459 907 840 163 608 790 850 348 791 526 358 159 193 167 385 661 924 137 297 255 252 241
370 776 75 196 517 938 166 366 497 630 369 723 389 475 674 146 807 308 741 944 429 984 263 959 903 487 899 849 418 868 858 808 114 540 811 696 48 740 975 627 773 380 378 457 271 995 394 49 217 338 173 993 303 986 808 227 976 274 459 670 902 111 786 479 94 94 207 513 210 967 52 24 154 14 666 724 333 243 375 637 651 524 86 102 106 19 854 90 849 270 813 621 361 49 376 887 218 144 18 309
304 936 675 969 603 468 669 536 336 895 664 614 722 733 368 239 247 815 560 200 165 760 11 189 462 742 896 554 161 81 395 537 782 560 404 305 490 254 712 386 884 956 745 559 748 207 845 309 298 859 873 261 546 179 544 34 263 633 217 321 924 714 710 514 702 913 327 491 738 671 470 445 639 71 496 457 452 144 348 962 886 880 642 767 96 762 89 23 5 783 214 631 6 351 61 162 81 285 366 458
868 869 78 47 812 624 405 791 730 951 16 409 590 29 736 913 895 540 299 803 895 353 329 859 853 13 799 986 634 830 606 191 194 355 287 923 654 626 991 935 907 130 450 149 167 600 890 841 762 250 862 939 151 337 492 968 117 643 716 999 17 664 940 259 987 956 858 291 622 388 480 683 231 568 793 553 236 550 744 478 141 81 53 377 70 523 671 438 441 219 43 23 648 845 318 646 798 831 457 898
26 946 232 456 116 762 968 823 786 304 429 912 842 147 931 167 573 628 615 918 254 854 225 226 271 995 493 678 285 230 277 148 890 257 412 595 920 945 398 807 382 854 176 431 858 268 993 518 314 144 475 638 94 988 974 514 848 189 596 385 165 989 435 699 312 343 151 993 999 544 169 741 908 858 406 333 683 200 397 233 58 101 788 656 766 715 52 339 748 308 327 976 248 345 207 70 26 179 465 845
880 916 643 492 203 554 511 699 600 640 101 209 625 824 117 533 854 874 314 10 828 569 139 961 820 512 909 425 580 851 49 439 440 920 217 582 152 391 281 786 573 703 240 616 843 688 703 194 910 506 503 612 168 977 883 305 390 715 398 130 659 92 24 127 381 802 700 321 563 468 337 21 216 560 694 393 719 793 659 572 897 828 593 756 587 598 963 73 64 116 772 683 143 730 860 541 875 887 391 829
519 713 199 611 836 167 891 536 796 172 853 306 737 975 471 794 312 851 53 752 796 620 610 622 959 7 733 744 532 791 201 138 929 362 769 793 830 50 954 260 100 598 155 866 954 615 755 635 526 303 439 256 488 55 639 850 754 851 800 545 881 106 82 886 428 129 896 344 964 586 242 736 161 862 14 271 976 566 594 472 627 607 966 657 982 451 12 655 933 687 389 457 76 418 837 64 265 572 299 357
471 63 336 684 400 176 414 243 945 655 42 912 117 151 625 949 327 725 30 881 662 733 833 783 348 677 705 666 201 187 892 301 878 591 35 850 977 809 311 725 552 31 155 990 904 453 544 296 664 614 683 418 605 684 642 204 767 243 297 296 512 648 539 198 611 676 217 840 67 921 110 605 78 748 975 264 50 512 418 996 251 189 962 525 617 23 466 676 94 452 590 517 401 437 430 280 996 657 121 624
872 163 975 428 999 850 708 171 302 851 680 655 358 238 522 224 677 218 944 80 114 340 584 219 411 707 14 130 980 207 957 2 167 991 914 800 51 223 111 103 394 51 35 948 321 462 344 417 10 208 237 509 555 36 875 985 719 701 787 627 840 3 145 234 718 307 507 674 539 981 541 538 413 427 974 446 533 208 180 371 814 190 356 420 596 28 892 844 762 918 217 91 71 708 690 21 262 121 242 344
114 724 256 270 882 578 619 637 425 190 534 731 3 611 669 851 20 215 79 775 920 969 592 116 121 883 99 632 743 942 210 512 761 469 62 827 445 565 548 646 817 4 542 662 861 574 639 174 670 871 379 577 775 841 732 356 882 365 658 65 628 307 579 585 192 910 67 511 936 321 891 784 646 703 112 345 945 937 399 169 678 607 309 550 163 280 331 294 209 668 415 376 306 515 669 839 893 492 642 809
84 17 546 709 79 399 903 540 340 920 831 307 396 884 414 4 127 920 640 20 295 446 550 36 236 376 452 73 599 345 830 328 485 603 932 604 817 7 376 927 494 285 945 432 746 385 847 519 469 512 299 940 427 593 888 978 781 875 0 161 244 626 885 804 160 600 866 913 925 105 386 822 753 180 618 332 964 164 347 667 29 709 406 846 164 39 15 430 153 564 502 462 801 87 943 426 818 870 908 389
747 410 491 360 544 620 25 12 136 582 872 133 701 600 298 381 776 512 995 516 88 80 108 648 701 27 330 437 641 938 794 523 229 419 40 110 663 417 276 380 944 167 603 227 919 935 109 767 52 995 167 212 748 873 0 232 78 503 295 626 881 312 208 225 236 411 136 544 633 485 574 883 527 29 706 962 864 962 700 463 711 761 181 870 954 398 959 463 307 123 799 752 731 868 448 905 613 697 416 578
925 81 268 841 362 536 161 545 464 499 550 723 962 142 622 501 243 224 3 814 825 239 503 924 790 826 958 765 421 935 478 776 295 575 406 503 219 28 80 981 805 827 378 676 531 76 559 937 809 519 952 664 701 112 888 219 889 648 799 423 326 330 684 896 554 932 399 199 266 844 346 580 598 404 153 578 725 468 724 52 150 665 528 295 54 712 436 867 561 828 431 830 35 271 992 674 331 522 752 5
750 175 461 360 557 707 93 715 99 314 270 175 151 865 817 1 114 726 111 653 607 861 223 162 560 394 272 58 231 877 937 32 702 320 162 807 43 1 865 976 307 539 302 36 358 501 336 386 87 240 576 853 581 482 373 872 262 727 958 972 521 576 885 72 919 531 398 927 660 269 915 963 707 626 861 580 81 241 441 103 173 979 988 92 62 635 448 577 715 453 500 202 841 217 586 238 566 595 190 146
447 636 37 692 550 292 549 4 429 775 826 352 157 884 997 401 201 905 345 833 56 630 228 671 600 287 188 3 750 597 675 357 955 904 438 504 297 124 985 567 458 794 390 906 461 437 285 565 685 381 955 89 226 996 811 269 70 22 525 791 161 412 307 540 557 733 646 626 694 497 912 396 617 248 224 893 194 286 211 13 783 664 933 572 760 274 159 717 425 928 702 171 335 936 829 60 694 994 791 807
14 753 583 241 830 112 329 210 353 81 306 957 891 892 678 408 932 963 483 780 901 306 805 309 751 537 352 276 326 132 136 500 495 425 570 194 320 524 626 803 812 839 290 524 358 91 747 227 88 732 796 123 21 502 243 825 468 191 434 508 977 173 703 75 461 314 838 89 940 13 963 58 830 82 990 572 43 221 328 711 135 880 361 54 788 806 4 51 411 609 624 150 408 763 0 169 377 438 949 736
406 478 283 287 102 460 863 268 487 463 245 563 414 679 365 999 980 140 282 637 397 139 973 954 587 399 124 167 697 380 202 600 155 72 407 667 638 869 873 543 50 863 845 437 727 695 31 15 981 891 880 964 0 494 186 809 275 632 197 502 18 248 369 761 459 145 80 597 519 476 476 580 691 573 872 77 957 480 564 61 593 112 318 106 827 519 132 988 776 685 513 455 861 665 752 333 164 921 403 85
220 326 219 135 106 491 365 891 959 681 621 302 251 576 233 496 276 310 292 47 697 560 808 726 435 135 520 96 146 550 425 733 155 194 674 417 623 819 988 114 72 522 822 939 453 889 982 967 703 829 53 597 504 678 880 502 110 356 345 958 428 800 931 311 586 859 884 660 530 628 573 803 732 148 60 515 159 315 634 143 615 58 320 821 748 860 376 754 494 709 464 359 427 831 441 811 833 497 11 869
270 841 926 461 843 867 109 228 887 187 305 119 691 401 699 659 211 643 491 655 533 416 986 679 224 628 498 46 760 64 24 292 821 938 257 630 729 352 71 207 896 324 437 596 934 291 816 681 323 526 142 316 226 959 571 273 306 969 999 11 78 991 813 19 120 349 780 111 721 519 957 777 823 119 852 894 155 11 475 986 830 444 461 458 858 235 780 88 913 792 777 153 147 643 570 787 626 82 838 31
67 229 899 787 867 826 502 626 582 497 118 397 198 324 963 347 451 539 390 741 991 279 943 785 739 322 703 655 881 189 557 571 26 916 265 968 623 880 433 750 9 216 39 942 351 341 411 107 406 758 385 149 672 979 474 586 172 512 832 765 138 819 929 113 442 562 826 493 603 254 613 793 27 728 155 826 724 810 291 588 373 252 555 385 587 117 753 439 603 110 14 555 673 422 227 684 572 235 461 245
967 701 189 384 887 808 246 478 562 853 303 333 926 530 424 192 687 621 944 902 447 181 19 787 798 991 696 155 456 181 59 202 487 549 974 898 865 332 653 598 269 466 945 407 502 490 211 554 380 755 160 566 962 614 564 688 186 580 87 248 459 350 770 334 730 936 156 187 959 605 3 542 821 994 246 357 921 813 181 28 733 137 253 854 327 0 607 430 335 669 111 391 702 289 191 341 97 573 14 725
969 161 353 241 134 300 946 547 98 180 656 575 83 785 233 753 287 842 607 589 810 970 87 166 940 810 100 248 970 248 594 470 39 263 682 137 546 46 88 902 587 872 971 734 514 361 703 99 634 700 561 313 262 330 953 887 41 998 603 928 880 379 387 719 987 173 719 896 550 805 982 465 848 565 197 214 686 434 135 88 332 293 64 289 824 657 745 668 787 729 555 815 908 312 733 24 696 103 107 541
782 580 591 270 588 110 125 511 548 187 593 54 66 612 301 896 707 409 366 238 121 946 533 324 104 908 532 385 35 640 485 836 262 762 843 244 470 154 851 950 882 308 246 646 236 624 623 51 351 574 790 37 298 460 482 867 599 776 611 106 508 346 972 173 287 391 880 58 988 843 809 409 870 431 979 359 936 491 406 102 106 839 281 380 664 708 30 403 483 918 143 748 164 828 742 757 577 740 871 375
796 63 738 314 696 480 8 694 614 711 32 374 15 617 798 610 844 303 32 238 223 537 423 483 731 476 958 136 942 517 861 674 718 840 289 226 633 101 409 169 128 981 822 881 303 642 803 335 569 359 851 414 67 173 726 354 355 488 830 359 917 276 220 255 143 370 546 695 292 9 936 612 179 633 529 189 787 281 563 26 992 132 731 359 336 816 888 722 894 127 102 916 61 924 229 302 778 936 710 319
496 81 889 657 441 126 959 629 631 474 184 176 76 527 215 707 659 467 58 120 362 88 6 672 102 532 450 347 40 942 415 390 215 448 556 886 362 339 666 589 514 362 693 902 231 874 661 224 822 603 292 378 712 947 850 596 112 538 328 785 377 673 47 462 160 239 779 418 566 19 516 499 698 735 886 975 938 993 549 796 774 303 719 265 692 586 514 343 96 477 121 872 965 240 60 980 32 478 298 471
57 804 603 439 421 312 324 237 176 359 1 227 196 594 734 488 679 102 191 541 628 286 401 71 380 457 388 510 835 187 301 554 393 965 877 794 252 908 571 395 854 34 103 60 287 950 36 846 401 806 681 202 142 129 693 68 251 936 438 212 605 159 719 567 869 893 404 880 573 972 981 732 100 123 248 845 445 806 111 696 174 225 237 431 745 946 657 67 541 178 976 257 309 743 784 625 39 245 960 22
102 979 137 954 635 550 767 728 727 908 887 908 144 845 807 720 18 530 432 197 872 374 872 970 949 410 273 959 429 411 654 780 761 900 214 690 500 542 386 574 188 716 208 491 765 451 367 822 347 233 29 241 756 12 385 420 187 9 412 613 11 233 565 562 317 116 902 66 123 499 394 389 851 765 14 121 734 854 832 482 233 904 283 651 64 519 416 34 624 242 439 739 736 77 792 811 435 280 803 155
660 297 426 147 841 184 698 366 410 576 160 70 816 6 98 960 823 408 540 261 763 746 411 17 405 983 882 464 121 186 107 944 235 625 892 818 123 891 625 268 301 796 330 732 620 191 996 874 739 370 113 719 857 545 805 30 187 980 543 668 748 942 341 376 586 906 541 410 922 558 580 721 211 170 614 523 468 728 682 926 325 292 120 683 697 727 818 817 580 964 459 833 413 226 287 724 761 46 325 366
286 576 213 762 326 182 15 372 957 163 847 265 401 865 460 134 187 848 364 76 958 867 85 492 286 896 610 82 41 579 473 541 900 274 154 92 890 611 174 950 196 653 947 631 858 204 38 862 213 551 275 266 777 916 103 795 445 426 357 711 741 954 663 443 248 594 846 496 62 285 932 201 530 775 900 925 81 586 272 897 303 620 148 731 824 318 567 238 905 161 501 141 119 287 895 561 753 441 416 244
63 992 841 324 190 41 691 993 241 789 946 987 921 903 797 143 728 286 376 731 391 436 57 277 991 157 609 156 501 216 165 408 242 833 535 632 742 28 171 157 876 500 329 606 801 638 973 670 574 580 471 465 109 100 497 792 386 134 607 85 298 661 674 40 12 121 390 169 2 223 735 488 400 156 542 237 496 835 882 601 345 309 843 216 859 365 423 870 403 178 659 655 372 290 568 977 954 834 892 631
323 464 173 295 666 232 94 317 469 397 160 488 613 184 222 264 41 746 72 222 492 817 391 63 997 18 977 554 798 855 255 100 707 375 458 800 143 198 919 100 365 559 431 375 125 105 374 294 776 934 55 338 478 778 116 14 614 937 684 749 119 444 0 934 706 75 41 821 2 363 143 10 987 739 407 902 856 815 798 732 355 144 827 722 593 352 915 649 332 842 249 281 128 618 9 682 781 755 394 7
962 217 231 881 513 572 383 176 748 571 123 944 45 0 701 528 629 8 915 732 376 625 227 284 813 890 659 478 104 713 183 273 875 804 932 371 79 242 636 654 934 343 302 184 607 279 777 570 253 404 690 742 486 32 28 643 11 699 350 405 81 304 969 466 41 738 442 803 838 366 791 26 781 903 762 415 460 77 566 474 576 259 858 566 583 710 457 657 353 517 996 533 142 246 780 784 87 611 659 104
202 573 83 825 59 56 745 166 116 349 927 281 642 578 513 835 622 838 302 284 890 726 4 967 163 28 692 802 253 158 18 518 401 124 944 886 682 219 538 144 362 863 70 227 923 10 177 314 419 376 443 757 204 758 949 288 538 938 966 44 236 684 913 246 369 931 689 819 764 510 448 136 555 146 342 726 299 644 660 946 85 604 428 792 402 874 828 868 598 627 891 605 94 865 48 253 693 989 691 814
529 233 160 174 774 912 906 492 908 317 426 315 895 713 394 620 488 432 717 415 933 129 547 65 489 137 252 727 713 492 373 234 613 344 690 830 487 921 862 51 232 189 219 80 181 305 365 729 657 878 615 999 327 189 364 266 611 828 416 26 441 982 621 840 351 833 401 229 791 470 353 332 669 462 59 958 987 818 231 703 616 353 102 803 662 727 792 265 987 376 368 246 784 407 247 264 41 740 200 96
437 369 328 351 123 390 936 683 274 854 978 621 18 399 804 720 540 924 389 542 797 16 844 311 568 167 662 561 202 66 376 477 916 576 538 275 45 666 943 488 625 694 370 35 594 81 742 711 459 993 557 440 492 492 452 257 182 435 134 427 97 835 886 774 556 454 306 957 386 344 484 22 456 352 711 807 209 402 685 637 268 179 68 213 300 453 784 112 113 757 803 266 212 280 704 723 56 185 723 167
899 959 93 306 919 450 597 909 470 6 527 816 435 176 314 673 770 47 952 93 116 404 904 275 571 425 37 53 290 925 386 530 731 257 50 224 293 853 618 30 796 402 152 858 726 257 393 437 494 730 256 491 668 984 510 282 393 606 375 528 457 493 465 143 195 652 69 279 887 2 989 210 100 718 292 825 4 857 262 442 712 103 171 855 637 484 783 263 972 602 793 988 917 741 68 637 594 865 328 659
553 104 147 364 312 974 128 890 993 449 557 607 987 363 310 401 377 873 341 370 429 709 244 443 717 535 135 12 75 957 744 57 519 894 623 69 320 212 90 444 200 628 25 425 123 399 159 330 959 115 426 856 797 856 969 64 752 851 141 911 216 14 44 91 216 850 277 310 721 602 284 744 778 971 269 361 616 325 813 847 206 358 427 40 52 593 413 739 283 797 484 482 536 345 726 130 289 364 187 983
3 796 869 992 497 969 535 89 136 295 988 19 966 596 66 933 589 837 189 95 784 147 509 33 630 875 15 507 671 777 331 971 552 49 343 739 770 722 490 980 262 220 847 85 315 298 758 56 699 866 355 150 830 892 236 516 362 357 640 769 101 389 301 770 257 18 403 772 581 915 583 339 830 22 588 798 648 312 612 859 45 191 606 502 978 889 593 135 988 242 829 214 232 686 889 2 534 172 520 269
317 642 414 80 156 349 607 972 752 448 308 249 34 601 651 250 245 106 350 569 154 891 377 583 961 124 573 614 170 384 2 416 355 263 140 384 80 586 107 409 290 990 409 889 50 168 649 871 302 331 674 683 377 296 976 5 337 463 476 357 909 562 526 146 0 133 128 130 553 676 357 282 797 439 169 752 930 63 305 58 233 368 299 931 175 689 352 932 622 751 589 528 469 897 655 909 25 240 766 751
28 717 511 776 793 538 476 456 874 764 84 526 50 583 428 432 519 266 218 970 90 489 342 783 9 593 664 999 687 86 942 616 153 116 486 952 866 701 681 545 10 336 884 111 477 993 436 80 14 866 637 597 717 930 822 626 185 793 351 718 836 136 618 299 733 659 955 316 445 258 560 201 592 731 985 644 664 33 176 925 845 393 884 93 241 821 373 773 881 565 984 823 499 263 364 235 397 687 286 91
752 49 935 269 504 667 75 489 190 552 942 87 591 614 425 257 25 528 719 328 302 65 686 350 723 463 133 634 59 295 767 959 660 323 201 4 359 337 928 976 512 810 261 533 468 351 665 705 138 861 912 485 91 186 945 431 177 988 43 787 979 830 724 502 791 191 580 298 517 854 310 124 871 19 677 592 802 436 394 89 412 460 531 257 871 499 795 889 135 797 290 394 728 252 237 626 216 318 517 84
656 349 21 538 431 59 999 196 528 14 287 152 802 664 187 18 616 946 491 401 657 478 851 812 936 429 802 949 587 985 381 632 481 603 564 71 350 523 255 468 379 608 41 529 259 957 67 575 861 723 540 487 743 874 11 327 321 282 959 171 253 110 205 490 351 610 191 295 929 777 774 931 818 587 540 655 503 904 898 666 565 306 671 439 776 21 926 159 9 543 545 628 239 933 256 760 681 507 568 382
379 437 746 93 928 854 45 606 178 312 298 281 616 746 325 511 824 669 756 452 744 531 12 25 241 66 472 639 407 721 380 711 352 669 981 850 47 907 718 467 608 982 652 769 397 603 224 294 11 84 461 142 523 732 265 950 321 996 208 828 988 386 459 474 431 123 494 882 47 943 717 240 334 783 374 149 859 667 360 769 947 880 628 193 606 376 374 767 922 818 93 449 553 191 14 509 707 938 325 961
56 45 593 674 877 932 842 393 331 217 27 834 597 350 377 368 498 885 800 484 890 480 320 673 18 78 170 297 53 568 554 638 930 911 192 155 363 938 990 202 295 774 331 839 391 734 131 207 217 424 687 321 176 245 35 673 671 306 549 746 72 241 437 296 461 191 174 68 924 572 27 269 34 784 832 296 136 211 722 3 687 208 929 933 712 639 578 120 575 305 696 8 911 778 887 952 638 773 513 70
198 356 848 710 176 65 723 114 214 125 895 440 176 580 870 266 895 837 79 208 388 978 954 600 677 45 466 827 72 12 678 465 178 986 742 893 347 923 945 561 158 205 53 119 198 44 746 917 618 80 640 766 304 901 409 806 251 251 576 885 456 280 921 242 493 978 664 927 320 602 408 19 162 96 193 59 352 606 941 572 155 767 572 456 58 442 227 483 810 477 634 592 917 79 883 510 596 11 982 152
267 213 913 658 870 353 428 694 695 390 104 898 906 472 6 461 571 50 51 478 790 623 630 958 908 482 433 374 652 974 884 92 571 815 680 913 210 413 521 619 226 466 282 442 631 353 625 304 172 9 1 230 534 888 718 918 79 476 499 255 558 252 152 117 975 670 127 171 895 860 216 946 832 617 596 313 815 996 928 950 116 444 772 518 756 653 201 298 317 564 204 302 119 144 950 352 609 635 870 299
302 943 992 496 285 723 931 638 545 895 308 381 750 133 297 154 581 43 425 129 23 697 792 680 919 365 473 209 935 24 593 535 134 299 19 399 965 966 213 484 880 284 861 628 728 527 517 970 828 762 116 238 445 288 687 350 925 933 76 486 667 798 423 366 798 719 98 718 731 511 753 230 304 958 651 171 363 597 845 960 99 10 480 358 711 659 298 814 670 370 291 898 560 992 48 139 383 309 156 679
184 501 417 303 339 207 29 213 202 101 681 332 444 332 818 205 908 670 576 309 389 970 229 430 476 959 758 179 806 821 684 962 523 679 166 339 728 204 807 976 884 995 875 72 856 750 244 936 815 639 562 475 548 259 294 56 562 57 830 342 117 857 793 872 503 303 421 376 656 597 24 348 391 385 125 208 409 493 137 837 413 212 862 13 712 721 0 853 161 953 800 196 255 61 451 133 550 313 179 490
872 673 532 869 384 569 331 689 782 862 487 43 378 633 174 709 904 788 878 473 485 427 46 370 50 762 456 220 134 478 262 574 837 596 607 586 489 938 897 67 95 802 419 202 481 530 849 776 708 199 606 990 849 395 39 2 466 725 216 576 226 325 526 181 845 52 323 500 734 254 757 587 429 137 791 117 237 823 623 752 525 186 301 266 402 57 794 139 909 829 891 158 310 84 187 204 266 99 430 322
578 981 160 964 216 426 577 838 162 163 540 825 372 148 554 216 429 578 897 440 827 200 212 297 587 496 93 845 627 928 150 662 22 377 907 823 526 135 406 880 705 456 960 166 307 534 659 712 473 7 265 374 327 612 185 710 789 221 75 424 201 785 694 942 352 554 177 606 691 999 467 559 239 516 959 447 416 904 321 984 245 952 242 579 423 989 938 580 832 599 441 331 706 102 518 231 6 636 790 580
277 526 92 204 417 117 798 409 54 365 344 993 82 339 683 304 18 129 610 66 428 737 540 992 6 651 759 293 44 798 27 999 214 980 512 208 804 215 824 586 926 953 296 43 35 369 696 622 976 518 252 734 905 432 749 174 221 563 284 449 351 594 35 68 323 924 459 732 417 482 187 240 748 50 171 159 694 382 875 709 753 601 880 540 44 605 284 85 9 479 66 615 975 345 125 155 493 109 99 634
770 89 29 617 492 10 370 902 57 180 381 815 119 879 670 445 301 391 685 476 817 958 337 267 200 975 353 701 949 847 713 848 918 725 79 12 572 176 432 280 331 626 716 393 318 64 623 167 10 592 113 645 979 386 482 142 85 860 536 333 724 222 813 979 732 356 955 410 201 344 425 496 379 567 766 371 463 462 975 477 32 865 830 474 510 13 196 537 353 228 140 628 849 817 128 614 872 807 17 589
843 19 533 872 605 697 337 376 163 883 884 285 985 203 287 86 798 352 367 808 473 84 114 255 894 792 540 273 840 855 936 639 989 790 555 588 234 546 131 847 339 406 16 850 952 250 344 253 96 442 465 342 14 576 735 977 423 690 571 617 53 349 799 822 723 602 936 11 264 401 344 183 738 990 563 748 921 571 375 148 879 226 659 25 677 257 374 351 883 145 868 298 158 547 966 203 119 472 837 886
283 394 637 259 179 593 676 832 293 948 67 18 55 451 775 599 703 526 749 19 100 489 114 102 768 33 521 729 970 985 100 26 72 126 15 634 400 227 125 253 931 20 625 837 270 423 373 591 585 552 242 346 637 857 506 452 481 183 277 511 262 735 482 817 381 403 7 904 205 635 945 318 901 252 918 815 265 96 86 9 422 837 327 444 957 317 778 315 983 889 771 31 896 908 240 953 3 549 175 104
849 83 641 232 424 82 341 520 148 852 512 603 350 609 600 826 72 453 556 472 684 947 759 883 199 918 876 601 157 162 503 130 245 418 968 928 567 447 899 3 93 952 164 789 569 483 394 295 542 855 364 905 239 27 194 888 304 837 914 125 957 398 440 196 292 952 209 261 156 867 933 11 408 130 608 762 127 99 587 847 950 416 434 510 166 702 737 753 683 744 725 335 763 327 238 631 805 594 119 147
352 522 890 435 500 479 226 538 409 293 771 737 366 233 611 58 118 503 248 887 743 37 838 23 342 676 11 143 663 177 202 926 796 379 133 179 485 851 188 15 93 948 886 877 935 224 171 510 389 688 945 454 924 782 169 376 89 663 963 210 614 934 971 230 587 52 736 420 487 282 96 66 51 921 176 979 9 447 772 507 356 672 577 697 476 747 707 97 526 10 162 265 614 493 636 581 222 4 275 481
218 196 478 758 172 946 630 17 608 95 663 311 424 109 899 347 724 234 293 632 987 692 118 581 689 507 562 96 916 540 779 631 666 821 671 163 917 166 752 305 327 635 213 85 386 441 641 200 959 749 818 826 209 465 290 564 508 141 431 922 59 18 727 708 823 453 988 657 759 720 932 298 451 674 159 629 121 40 194 327 954 617 611 551 843 977 831 186 926 523 542 213 958 573 849 867 766 884 36 83
457 849 516 716 953 127 142 572 853 34 901 707 656 354 183 560 70 233 783 8 607 870 549 531 66 20 104 185 559 446 141 498 767 981 608 309 16 526 812 166 607 879 893 361 449 886 65 649 169 965 270 128 782 428 216 841 827 640 350 247 90 594 660 216 756 852 376 913 557 975 568 670 951 274 894 630 97 266 448 827 222 583 566 672 34 103 99 12 43 972 502 895 330 997 670 681 788 377 504 22
723 965 13 49 159 933 765 543 144 289 344 768 632 975 124 939 711 466 745 802 819 885 7 758 770 1 34 973 845 536 181 116 613 306 375 277 15 838 924 923 128 617 665 634 595 46 69 100 888 911 55 964 318 400 450 258 116 101 320 597 330 770 389 849 794 950 39 418 723 925 114 805 952 54 932 187 867 36 183 576 385 903 984 951 17 879 628 294 741 42 488 915 905 674 742 11 567 869 469 241
607 148 816 874 240 827 345 897 552 931 529 135 196 434 778 183 564 160 565 263 954 967 916 993 649 751 476 482 103 557 8 692 489 723 70 559 86 564 669 781 750 8 22 683 894 491 59 632 622 27 405 177 783 650 979 76 92 54 825 82 570 399 226 118 358 430 4 641 142 976 814 674 381 140 252 511 950 62 689 692 307 454 770 41 87 186 271 438 407 378 449 528 45 22 9 364 629 765 222 579
793 808 854 977 165 632 143 342 658 63 281 733 335 985 205 477 279 637 320 967 802 607 429 681 327 134 313 998 895 210 828 39 345 583 295 461 559 840 524 857 177 989 366 879 87 311 379 153 455 764 757 723 485 221 497 205 364 156 759 310 96 105 117 31 265 59 487 478 63 435 671 76 483 376 977 856 785 386 590 829 403 526 684 812 589 821 159 778 814 149 240 579 953 659 226 234 90 450 348 824
587 575 877 641 463 463 127 712 912 53 679 934 266 422 852 165 943 271 844 107 99 581 560 4 429 665 736 799 644 222 918 880 366 635 852 875 708 533 942 61 320 666 652 765 966 792 683 149 55 662 384 315 232 980 614 134 214 382 782 939 81 582 868 308 519 68 741 897 399 251 857 624 956 794 806 646 654 683 397 896 382 489 128 972 526 206 771 571 538 276 416 734 175 814 493 234 534 490 695 545
202 75 710 88 273 74 504 503 141 196 28 511 762 143 860 807 98 763 351 132 219 247 145 205 764 955 556 921 27 532 891 839 674 337 929 648 196 257 939 255 653 160 748 724 343 486 922 294 255 913 172 541 69 965 991 234 65 785 559 437 569 117 113 258 536 484 513 218 641 341 180 502 105 201 117 527 36 449 160 981 527 82 483 303 668 677 487 3 754 53 155 318 297 475 864 225 741 686 569 363
847 1 838 351 198 425 651 517 464 790 964 907 469 54 364 941 217 229 616 784 347 359 444 31 629 425 995 112 499 487 858 183 900 874 738 340 823 879 714 262 67 909 644 744 219 375 473 157 149 283 234 677 953 487 810 482 3 662 430 11 744 691 242 160 513 743 19 449 351 848 269 840 907 234 744 609 508 871 186 722 310 873 398 534 97 355 733 686 144 550 120 214 397 437 632 453 18 140 39 402
312 177 5 880 329 528 250 539 793 191 261 997 538 253 920 385 609 821 940 474 115 613 187 428 61 763 363 18 859 165 868 439 37 664 586 648 872 947 596 399 597 833 66 668 36 430 379 451 364 481 786 642 735 20 460 412 212 471 406 295 182 348 13 644 606 389 193 844 649 82 719 66 11 662 673 680 326 567 669 126 164 946 198 466 854 734 806 123 433 345 292 735 436 504 793 62 511 514 530 345
92 788 717 67 119 528 345 253 433 905 981 264 809 772 823 731 478 117 930 252 288 159 572 947 182 963 290 361 874 570 872 756 409 859 74 201 753 713 80 782 831 699 749 90 522 796 817 215 11 750 172 282 264 370 305 47 733 365 696 524 16 771 811 778 927 294 429 467 702 501 380 394 299 375 725 479 308 355 723 474 726 587 729 433 274 713 312 453 544 527 991 646 858 333 466 462 248 502 316 836
401 914 679 367 620 471 628 35 806 780 656 125 119 405 46 895 749 965 606 156 136 478 840 649 500 426 701 784 439 196 257 547 186 503 321 206 117 587 850 926 2 790 19 226 142 763 890 783 268 335 141 578 802 508 482 820 610 77 967 842 94 669 83 251 842 496 674 333 148 741 449 829 279 871 945 872 82 885 481 316 590 722 778 578 593 400 353 29 608 321 912 305 160 930 618 411 937 568 404 948
74 200 586 943 390 175 11 380 191 22 601 169 474 807 389 740 550 37 738 563 112 136 710 525 44 762 596 828 516 816 532 807 821 578 673 206 644 661 791 803 92 434 322 162 539 927 718 272 221 420 281 335 522 624 749 422 453 575 153 244 768 381 639 117 811 536 562 640 359 479 962 206 148 730 177 709 836 521 60 784 795 540 104 677 112 254 275 318 305 594 513 214 266 551 890 542 373 661 655 314
81 167 786 245 241 735 68 600 127 115 678 348 186 336 356 40 985 388 290 640 395 650 378 947 183 76 714 943 895 495 263 127 15 958 518 980 412 783 789 760 755 537 337 894 865 262 804 18 843 52 612 658 148 874 687 274 997 921 583 920 856 742 341 178 430 88 818 349 250 540 365 862 688 409 216 442 565 323 832 832 919 972 505 271 196 192 616 655 359 174 111 761 861 582 177 400 297 809 61 6
150 30 694 95 162 109 224 97 132 919 736 503 435 558 537 323 279 246 268 295 740 271 755 334 873 945 549 48 238 919 494 222 573 619 739 645 20 966 324 545 633 260 453 756 226 161 737 220 964 684 425 904 797 463 437 311 755 389 515 5 650 502 572 231 968 930 326 64 602 48 50 367 754 216 236 166 622 308 390 211 153 439 995 451 659 421 659 60 979 727 742 434 731 908 437 958 667 181 315 901
751 293 859 357 98 314 302 259 516 820 270 237 813 513 121 415 848 441 5 902 691 406 567 478 626 677 245 780 679 220 44 791 821 709 7 638 227 77 799 158 109 635 529 696 121 22 20 149 828 964 270 386 206 201 273 898 108 7 167 488 362 342 237 57 45 153 356 431 698 331 130 633 174 947 422 764 241 863 258 474 210 79 836 349 495 214 565 148 176 940 540 564 804 868 530 874 541 145 590 579
877 555 918 598 986 897 95 535 503 326 864 157 156 883 355 207 519 266 392 804 367 123 696 787 827 342 10 804 581 693 312 279 284 634 781 497 767 184 993 933 178 180 960 250 411 480 144 561 979 491 916 56 731 957 38 915 852 270 636 193 411 684 791 688 239 236 836 538 17 513 130 555 697 56 188 726 389 228 114 719 156 650 814 708 425 633 507 33 99 846 527 427 779 836 738 93 34 785 345 92