233 766 747 954 1 551 716 171 677 681 968 748 934 46 849 596 561 168 691 641 989 731 710 896 555 105 268 55 842 856 575 790 780 896 296 712 463 216 59 513 927 430 351 813 284 164 151 515 877 87 84 586 841 104 729 614 489 966 513 111 489 820 41 438 527 767 824 942 356 879 979 745 411 95 487 352 767 683 424 130 264 859 605 336 540 931 205 91 461 671 939 881 658 171 877 167 917 180 552 670
274 186 567 681 890 211 671 945 904 508 345 324 150 224 419 546 674 155 44 890 792 177 692 247 430 623 392 469 162 273 702 772 979 406 610 215 936 900 426 97 477 342 878 806 14 362 410 521 9 285 471 499 685 498 996 697 683 677 145 400 917 784 249 523 75 785 183 809 687 443 925 994 408 849 574 266 250 265 433 44 916 607 805 181 936 575 178 186 247 275 417 646 350 588 786 898 749 705 684 721
589 154 648 153 939 800 347 997 859 71 433 9 621 785 95 257 917 881 181 370 144 963 806 671 752 59 611 599 383 3 636 485 14 533 733 934 762 376 687 13 178 212 92 391 862 3 206 228 111 662 19 836 312 809 266 106 895 740 930 968 743 491 25 849 407 121 994 526 284 612 297 857 460 9 609 90 620 333 490 186 968 417 646 914 368 596 525 862 467 403 838 595 83 668 588 576 880 655 199 847
138 78 106 520 989 153 300 247 334 299 590 527 40 272 744 138 1 921 758 658 632 320 243 707 663 106 456 934 692 151 494 801 484 855 892 723 748 916 198 683 121 623 706 290 240 896 265 558 792 240 597 622 56 367 597 992 233 947 257 168 750 292 441 580 238 624 678 363 153 621 977 245 111 389 63 45 684 653 775 254 33 756 136 383 960 798 701 959 329 984 569 891 399 461 664 714 297 708 617 221
188 954 812 385 301 632 756 967 971 605 525 883 234 345 289 488 714 439 579 422 59 445 95 268 157 818 679 802 731 23 785 450 198 991 423 305 660 624 230 391 330 313 178 993 545 198 950 322 827 385 885 583 276 105 423 324 337 97 626 619 12 56 691 925 934 507 191 91 307 745 62 773 599 111 402 111 613 139 468 84 270 958 810 209 720 857 987 142 437 423 256 802 324 803 146 507 148 460 616 607
72 630 44 304 391 628 440 270 678 425 123 979 985 520 513 494 601 917 830 820 96 196 163 420 325 34 431 441 280 906 707 374 4 857 245 723 570 74 73 15 546 810 833 233 654 162 410 224 788 173 453 242 925 952 778 921 247 258 878 616 266 743 755 136 425 14 19 820 196 255 837 177 30 954 233 897 504 691 664 254 65 426 936 940 201 631 397 614 852 657 409 644 98 998 627 128 496 229 971 31
53 256 233 671 847 82 626 460 548 331 723 501 84 466 271 366 516 737 205 764 72 752 607 134 123 132 29 978 143 86 483 153 408 544 647 323 955 915 366 763 783 76 895 820 606 236 961 401 933 199 345 680 318 997 437 374 850 29 847 635 105 845 690 980 444 270 421 848 43 571 293 974 769 450 454 628 657 671 435 647 676 351 898 388 158 675 925 197 615 597 13 160 167 984 327 365 569 883 912 863
559 58 587 158 24 449 959 198 333 527 455 645 229 871 912 886 447 100 278 291 103 902 702 804 510 553 663 86 229 103 854 640 763 586 421 208 997 438 766 956 135 63 824 506 716 120 183 458 929 871 991 929 471 92 630 756 552 690 307 398 924 983 286 449 350 380 208 903 410 827 780 509 276 60 911 614 352 987 946 273 48 685 365 463 508 271 45 690 492 313 580 281 364 842 624 755 729 508 982 907
321 12 794 34 472 441 26 669 532 319 938 696 453 800 72 469 184 160 239 93 886 888 994 205 323 799 454 748 415 786 735 840 571 823 568 877 586 155 666 703 499 73 845 765 14 936 182 4 701 602 694 688 951 314 451 865 600 918 134 8 9 501 493 636 709 417 730 314 427 158 416 195 88 655 572 904 559 532 387 843 250 58 495 780 758 60 620 979 902 853 888 898 692 831 206 190 306 348 921 689
480 181 631 191 354 977 218 61 778 45 550 115 958 429 670 784 119 386 955 892 109 445 121 518 841 905 270 32 148 61 227 771 427 604 513 654 203 952 512 739 934 794 258 925 960 252 941 866 826 961 87 964 197 261 198 155 668 405 900 890 716 193 467 759 22 685 233 371 895 347 71 995 746 642 302 344 210 802 49 682 525 605 783 581 202 399 135 751 592 700 230 225 297 360 188 199 904 164 258 443
702 710 894 858 67 889 839 125 202 58 305 254 155 712 192 170 210 570 318 344 921 40 775 586 365 141 955 853 561 687 591 669 990 840 147 352 597 397 471 990 629 390 784 311 540 592 910 216 188 564 333 490 244 843 100 604 991 54 828 414 366 547 149 304 591 620 735 915 383 922 762 809 887 885 763 165 429 845 995 773 563 219 17 424 890 329 989 522 689 995 701 349 770 18 894 230 910 597 476 577
77 26 791 94 771 9 794 513 253 658 192 220 621 172 61 573 534 413 892 623 462 229 691 44 288 709 654 971 21 378 749 740 412 835 785 618 55 447 586 440 552 927 886 464 864 779 229 619 180 823 804 79 982 306 394 671 562 645 711 408 378 233 299 668 59 246 383 720 987 963 566 777 283 545 938 840 355 484 360 977 59 836 448 587 45 437 800 126 309 864 143 743 425 438 220 266 613 682 362 577
746 253 525 352 61 419 119 545 216 774 763 849 463 482 365 18 842 707 122 39 673 647 687 737 402 846 866 671 530 187 871 633 646 49 750 122 754 230 717 695 152 125 407 380 151 431 388 937 794 966 270 459 730 690 342 505 17 515 79 857 158 849 99 797 822 674 125 674 31 940 397 309 688 512 36 228 377 582 134 494 833 337 173 147 964 47 838 464 135 292 578 433 119 792 195 827 160 838 603 232
618 719 301 673 537 824 551 777 153 322 654 493 979 277 554 524 44 44 441 514 181 704 290 641 255 448 164 191 72 428 263 219 418 429 0 782 210 926 439 696 915 969 560 989 927 213 743 238 566 664 504 123 499 700 755 977 4 107 778 908 514 988 194 32 504 843 186 376 240 629 339 58 458 832 647 217 150 570 716 834 740 868 898 888 368 671 495 659 328 835 622 134 811 416 667 899 300 117 439 944
251 844 871 932 212 245 98 979 642 88 91 184 159 144 98 161 295 649 833 213 809 212 337 719 301 588 216 138 764 215 33 927 331 969 848 992 420 779 456 654 836 752 163 432 799 914 874 743 319 134 301 898 432 360 164 75 270 449 857 348 789 239 462 438 724 934 501 742 180 495 882 924 920 354 504 922 12 600 497 678 330 995 428 20 617 342 0 733 774 879 179 715 400 44 712 211 491 126 461 323
468 45 350 781 614 464 696 851 847 617 988 394 99 644 376 313 204 209 242 341 72 276 64 430 159 505 502 484 490 621 859 222 680 202 660 864 948 73 556 866 740 131 925 79 989 192 941 518 122 34 989 267 234 606 828 660 591 622 254 120 709 886 542 241 552 619 403 73 917 289 799 126 628 953 878 144 770 43 200 151 223 622 708 929 239 736 587 850 328 292 346 407 969 437 742 209 628 754 328 251
235 840 493 175 685 368 234 394 712 278 363 853 611 773 605 459 954 93 147 2 707 463 565 208 638 705 804 833 743 578 335 143 715 948 138 308 970 530 823 309 254 532 312 24 191 4 967 186 410 983 696 625 438 921 816 388 37 889 345 911 536 192 44 187 900 617 794 75 586 196 419 225 948 606 758 428 561 113 725 698 741 766 172 662 621 548 170 75 744 838 593 98 500 659 485 960 252 63 534 449
440 896 115 67 616 792 802 938 471 119 303 598 265 998 372 729 61 745 8 111 305 625 38 437 723 61 933 914 762 143 274 377 282 973 287 636 932 74 516 876 754 141 797 127 588 970 393 197 742 590 247 880 679 457 153 759 48 740 978 619 206 729 85 236 810 221 223 307 426 196 477 652 229 555 709 83 130 260 549 237 207 684 68 672 602 744 111 487 439 887 703 991 820 230 741 205 273 911 429 493
970 824 56 195 723 205 683 59 767 410 548 869 826 117 880 448 882 574 499 411 426 890 849 766 667 464 953 917 374 423 261 12 432 768 172 712 850 286 660 848 168 855 918 859 854 365 459 785 739 47 86 863 998 616 537 276 968 921 609 280 127 694 633 837 994 322 335 364 174 944 837 778 152 597 330 591 321 907 974 169 760 404 296 379 726 768 142 249 445 653 603 400 268 311 441 731 931 715 208 85
624 117 753 87 823 449 11 244 300 160 288 701 478 891 358 744 854 478 888 491 487 8 480 637 231 460 84 799 3 890 735 769 259 734 77 410 616 717 485 785 270 221 963 607 869 532 769 837 807 843 845 942 700 446 669 233 798 513 1 820 394 673 516 788 519 960 575 667 964 798 947 739 145 234 26 111 223 228 94 749 283 108 124 464 822 238 896 592 909 743 210 652 806 630 492 915 497 584 456 628
169 759 473 832 447 77 163 284 224 114 359 403 146 383 829 463 478 315 485 266 98 476 66 640 158 367 895 745 968 183 257 706 526 796 967 856 392 576 247 172 802 824 689 372 48 276 507 294 250 921 406 108 803 424 294 951 819 439 614 895 415 376 290 763 481 85 754 356 577 335 353 712 20 228 392 238 853 37 754 406 254 2 265 478 537 580 815 202 753 511 348 963 783 146 765 489 262 893 546 10
794 641 463 376 679 163 664 847 245 740 489 382 494 918 236 580 757 605 475 274 89 452 454 765 81 142 537 276 205 68 985 292 452 683 519 86 611 832 112 98 513 249 718 490 755 934 258 976 630 701 666 976 768 769 319 47 987 664 702 539 597 218 843 811 541 57 808 892 611 335 449 15 106 596 680 222 360 948 865 627 247 518 425 642 16 215 548 667 780 422 187 867 439 138 557 682 652 325 324 198
365 430 348 524 286 403 589 936 17 70 708 365 220 253 165 400 480 532 507 180 625 954 322 389 985 444 109 0 705 709 478 72 812 938 79 830 505 535 605 795 142 72 872 704 695 871 739 4 754 99 96 686 429 251 997 112 482 913 130 3 683 743 498 870 252 52 174 515 749 556 844 886 772 598 199 180 326 235 640 896 82 677 224 680 495 884 540 477 557 774 119 820 354 347 611 721 983 961 484 421
812 119 368 83 94 8 720 673 559 98 993 655 366 670 140 635 117 758 145 499 271 362 595 395 259 709 816 417 531 669 619 656 740 105 370 347 330 625 370 939 489 689 698 278 514 59 596 483 521 713 994 710 767 137 327 701 46 64 507 787 692 489 774 18 645 149 665 610 858 744 870 197 185 267 88 512 484 795 457 372 36 516 3 750 222 148 895 944 739 132 405 603 356 612 267 505 524 268 394 815
599 718 728 182 12 745 719 665 929 243 671 158 356 685 411 255 421 762 169 783 510 905 700 989 446 844 756 427 389 641 342 206 910 963 369 941 502 81 815 431 22 802 62 589 371 356 842 377 731 791 363 439 686 686 433 863 289 466 329 642 351 249 230 603 975 667 890 825 360 892 298 222 742 6 401 802 170 860 644 367 74 15 919 658 771 506 299 858 633 662 372 287 219 712 568 619 647 82 812 618
792 998 994 435 932 76 685 240 320 412 777 586 711 328 567 467 378 666 673 250 7 833 258 397 907 958 67 78 38 155 487 860 673 144 882 583 928 732 840 977 881 96 436 18 90 673 52 893 450 606 17 420 164 425 141 521 25 351 673 601 356 577 947 52 311 598 225 873 816 637 258 336 452 42 348 132 12 841 249 229 855 499 127 948 658 421 229 375 446 565 312 509 247 138 448 466 955 722 269 428
726 36 885 172 94 699 293 328 498 591 253 844 778 280 99 480 244 220 710 126 453 382 426 834 932 920 626 985 895 265 488 258 931 424 310 217 602 66 552 53 160 611 62 323 21 258 280 539 982 119 726 714 96 5 997 256 786 667 584 92 336 98 701 197 103 352 764 230 809 791 167 755 690 663 580 479 284 25 484 698 558 679 82 148 289 437 647 151 897 688 48 901 256 603 107 86 429 288 110 568
334 770 166 527 695 881 123 866 602 534 500 853 388 543 287 74 776 178 374 85 250 571 517 311 574 618 59 473 662 400 846 434 530 261 311 760 628 242 324 4 759 73 232 214 889 802 770 392 150 717 576 774 54 281 874 739 415 23 434 87 559 800 171 10 76 577 467 939 679 479 839 496 809 255 74 379 969 566 256 260 208 956 616 485 543 419 88 855 935 558 94 10 499 691 453 2 324 852 921 125
206 520 759 525 55 812 282 630 586 359 447 339 6 56 350 112 252 373 476 434 230 153 19 696 659 745 934 5 705 61 996 740 663 792 345 733 250 134 352 973 968 643 312 698 633 497 192 444 174 116 501 658 679 174 608 511 191 241 404 249 310 64 558 632 151 415 339 959 766 547 641 972 107 184 51 124 0 543 40 112 347 832 947 266 132 95 293 887 509 960 756 305 307 719 185 232 354 153 433 697
629 641 824 581 308 256 665 405 913 396 912 866 762 621 189 602 504 385 379 118 315 999 600 667 236 780 252 672 439 251 127 605 2 354 367 119 447 518 152 632 758 74 29 466 495 356 624 272 985 166 609 402 854 681 935 660 470 46 127 57 64 722 145 640 7 777 709 899 273 172 832 748 918 877 534 515 458 126 320 450 845 965 697 865 128 867 185 247 656 922 572 634 718 371 495 338 326 761 471 716
389 45 330 732 348 712 284 946 376 20 78 613 281 112 953 11 214 599 173 770 256 750 76 597 950 256 432 677 249 564 742 787 609 112 771 447 723 269 526 286 260 282 309 563 557 338 326 896 508 251 718 153 56 557 219 841 546 765 433 933 828 846 238 151 456 599 102 159 318 413 826 36 626 962 326 973 627 822 105 259 625 952 188 757 237 774 464 142 668 418 91 51 288 555 129 324 634 753 152 983
529 50 760 146 848 600 407 360 285 945 431 627 243 553 101 157 791 410 599 320 860 914 504 157 824 377 645 200 440 201 513 451 745 977 901 212 23 146 888 710 216 136 107 743 133 124 234 61 660 284 604 949 133 384 438 288 529 731 838 972 139 612 254 872 986 819 181 64 562 343 341 410 865 253 470 226 702 860 592 946 772 226 180 915 487 291 553 534 976 535 440 645 370 709 258 864 128 774 949 75
204 763 441 16 148 268 680 838 308 159 532 423 711 572 734 393 212 433 788 732 717 694 675 529 675 797 808 961 48 901 830 555 474 11 640 66 863 842 337 946 299 533 565 83 278 649 158 250 971 382 151 184 780 468 112 974 670 690 976 913 640 774 457 179 822 452 625 551 794 595 389 971 501 376 710 224 771 28 5 994 794 836 278 485 509 709 346 634 885 429 820 219 436 619 164 431 15 585 844 581
736 780 141 64 142 363 511 333 164 501 477 229 384 205 245 266 477 457 57 952 368 296 971 244 23 814 236 794 473 651 858 33 930 554 105 482 439 533 956 618 366 970 407 31 236 205 776 995 462 285 120 892 692 770 628 159 257 366 30 407 446 198 689 408 7 756 795 901 827 318 317 237 467 74 672 676 658 143 71 796 480 837 586 826 201 865 122 494 68 813 346 561 224 894 925 871 216 642 885 360
841 742 499 142 701 172 112 435 6 833 411 540 343 931 184 9 309 438 69 852 997 878 892 561 244 485 323 769 747 144 2 430 384 383 262 508 597 169 710 274 754 820 65 601 604 929 998 640 744 701 940 806 948 288 326 120 7 329 395 949 754 867 807 210 577 301 16 579 946 143 707 406 214 403 556 184 690 498 103 981 14 610 302 869 3 101 241 772 709 240 74 405 595 189 902 42 653 195 171 326
447 883 148 472 884 143 332 104 573 347 935 557 690 248 460 405 96 278 73 190 595 162 289 289 9 59 104 754 249 94 687 364 670 168 135 374 92 544 21 11 676 839 720 321 927 26 460 858 292 667 889 548 421 698 929 238 851 324 416 117 603 150 130 318 113 809 68 899 209 953 829 650 668 686 936 293 156 315 84 748 738 694 313 542 758 590 858 628 410 239 933 566 721 227 508 73 387 758 572 243
556 748 900 118 219 998 80 801 522 934 963 836 319 856 693 560 511 656 206 152 96 358 579 435 249 822 595 504 657 541 422 165 551 640 560 942 111 781 644 258 523 683 245 770 697 306 489 707 920 682 465 383 320 165 412 545 974 690 660 608 503 876 811 894 822 186 505 826 477 951 389 711 908 239 221 253 383 913 990 839 720 122 250 82 791 995 276 833 796 773 892 93 121 358 271 853 529 241 455 856
80 466 729 468 107 109 125 975 673 228 758 967 907 680 417 123 69 414 21 617 956 968 415 500 943 218 428 179 839 498 611 877 965 703 623 937 297 401 575 675 987 715 935 575 106 481 309 339 459 835 933 265 917 353 137 694 478 485 151 272 84 941 151 117 643 245 732 934 796 648 167 810 720 188 255 568 740 263 920 619 444 801 897 844 516 365 561 581 719 707 120 891 575 199 338 156 876 833 190 318
733 312 640 205 871 150 101 498 429 222 533 11 32 67 599 825 27 793 833 854 696 195 343 367 697 108 767 851 595 250 260 826 109 931 693 535 220 547 230 464 932 736 261 626 723 169 368 245 493 473 722 532 880 455 708 325 416 448 395 763 420 836 855 502 914 496 174 850 628 805 395 825 129 911 896 130 547 590 762 70 980 821 847 863 316 828 799 919 93 786 293 287 976 469 101 166 109 260 526 532
667 8 884 294 433 925 496 354 581 860 528 324 652 210 33 775 856 302 288 534 331 751 333 63 7 695 644 550 929 955 574 243 724 782 434 94 52 659 114 632 120 408 599 607 667 212 700 758 762 480 903 482 634 811 217 293 417 655 630 702 390 422 917 832 749 114 599 871 657 278 970 473 935 228 839 885 359 256 361 167 61 512 608 755 417 222 875 12 927 376 287 731 455 116 551 571 860 654 950 622
308 530 558 450 352 307 278 12 306 452 705 346 898 33 626 550 603 58 909 34 49 554 463 729 826 197 515 835 71 416 590 824 502 527 114 387 907 690 853 803 264 483 883 965 843 136 76 337 329 569 269 527 656 849 273 451 964 187 830 467 719 830 302 500 409 664 714 854 258 4 893 246 406 335 583 941 757 311 401 497 1 872 284 690 252 98 251 660 903 462 717 925 784 710 865 317 410 941 884 355
225 359 859 379 74 409 969 375 930 33 504 173 592 730 421 509 473 930 217 816 950 173 174 518 983 275 243 37 934 444 531 360 926 774 934 626 68 876 796 930 869 345 913 721 341 213 705 723 157 673 95 448 568 581 621 233 442 23 328 295 952 516 954 871 459 358 437 259 816 341 596 874 366 891 318 420 491 976 471 574 714 564 23 832 531 986 166 908 558 985 349 652 993 501 517 208 863 774 128 744
418 585 321 168 202 683 293 286 23 111 429 949 158 644 516 343 545 607 105 281 396 703 892 394 128 636 427 970 746 687 436 121 297 778 978 634 219 183 648 519 367 106 92 740 291 743 90 493 410 391 457 285 801 977 664 928 168 730 318 568 230 451 818 495 547 296 702 222 89 626 507 557 830 391 874 74 419 149 939 769 352 757 810 131 368 111 818 920 256 807 536 375 726 350 143 588 686 921 435 976
667 122 557 128 605 677 832 17 977 154 793 226 796 698 687 332 554 361 945 933 252 59 916 36 770 780 590 516 310 342 525 796 842 131 454 226 780 621 125 599 701 450 649 814 253 996 19 669 101 487 712 518 912 727 532 724 852 475 818 777 850 242 379 991 375 665 306 958 288 772 702 527 402 538 968 200 710 112 800 35 414 681 909 802 85 217 577 914 529 489 730 529 657 0 585 81 865 361 500 500
387 503 562 544 994 753 254 701 147 888 428 87 947 979 24 575 577 563 605 612 980 805 843 669 888 128 246 708 45 927 541 983 267 809 690 818 503 859 770 378 509 140 950 416 904 422 191 583 668 755 185 936 398 648 490 722 744 459 970 741 720 899 522 751 547 920 176 214 11 498 636 86 861 45 506 659 693 442 531 30 311 403 200 527 256 333 71 492 291 606 158 688 682 578 880 407 106 486 824 837
415 35 332 525 444 256 500 728 19 89 550 48 688 166 124 734 168 337 633 902 160 614 457 916 297 12 946 845 186 143 556 830 23 622 426 982 855 407 835 902 363 787 670 407 951 851 490 190 87 595 750 327 85 327 892 227 967 612 68 22 78 437 351 718 320 884 923 567 925 491 85 297 129 897 255 620 151 392 294 271 600 798 988 409 142 943 179 736 882 25 724 393 376 187 563 344 718 85 626 399
818 524 994 657 962 412 453 172 655 646 409 656 785 204 515 426 929 900 227 249 539 228 436 763 564 734 171 56 587 975 707 107 55 110 858 184 760 690 564 668 924 826 192 458 728 692 772 781 10 74 396 97 168 879 867 638 247 383 603 877 419 227 10 977 819 756 263 82 699 386 765 846 349 15 63 287 151 651 63 120 618 96 431 351 365 461 86 477 58 156 289 631 907 187 702 834 714 387 309 220
381 552 201 284 648 547 325 419 765 375 698 354 317 583 260 664 388 703 611 402 491 977 576 16 375 96 816 175 538 495 931 829 419 80 841 109 789 675 403 545 831 912 227 81 529 920 845 113 859 305 246 28 548 807 492 280 926 727 954 440 864 160 328 620 887 187 35 174 616 721 336 674 184 541 685 973 179 130 763 265 704 112 900 424 899 537 845 563 606 677 814 742 561 536 112 165 404 777 222 18
538 380 715 843 8 918 73 542 353 100 490 650 132 198 113 915 597 951 134 173 407 976 292 388 29 226 333 130 743 858 231 17 729 634 316 214 671 597 435 921 663 547 819 446 440 620 204 985 773 781 435 416 335 534 499 71 402 495 363 509 756 549 448 170 501 487 195 323 575 82 132 145 568 174 94 108 948 285 419 3 124 74 803 689 874 314 11 261 130 853 743 94 638 766 422 511 205 448 762 660
617 517 900 981 175 848 73 489 578 890 310 471 777 552 195 715 611 723 69 203 715 370 930 812 732 682 904 665 331 469 738 958 929 343 314 187 305 734 340 729 325 261 619 715 156 441 485 755 945 903 772 822 437 61 407 172 379 366 569 538 601 442 213 574 353 214 907 455 750 853 931 143 927 652 724 121 749 746 799 515 88 320 895 701 394 474 78 143 525 884 913 863 354 350 966 739 88 163 777 943
952 147 254 118 887 49 401 306 514 764 838 733 208 52 336 99 12 204 19 714 633 18 720 383 102 956 88 565 520 298 617 298 951 483 713 887 748 751 906 21 765 805 192 131 911 266 702 821 608 563 839 705 20 345 691 819 57 965 458 168 315 367 479 977 746 202 125 910 869 38 433 288 400 861 648 946 263 347 145 803 403 371 167 75 42 479 180 503 894 509 421 796 687 418 330 293 661 202 555 648
491 264 477 215 75 356 282 431 617 736 122 28 777 629 494 175 144 993 503 193 184 350 711 639 606 672 207 679 753 511 947 922 894 154 992 988 190 344 392 459 85 586 291 206 521 918 324 515 318 202 889 711 933 881 316 797 104 819 268 836 12 423 997 490 794 539 387 94 66 875 450 566 637 440 992 58 657 417 193 490 948 981 374 209 230 701 733 704 462 340 453 885 855 953 903 388 217 129 751 505
706 307 528 516 947 256 631 373 800 828 674 183 671 478 305 20 28 170 321 212 873 66 613 401 248 752 81 142 111 473 66 437 559 37 696 681 282 281 470 297 307 634 19 123 537 822 925 795 204 297 0 259 35 552 193 272 712 377 236 168 7 611 482 962 921 276 602 359 508 668 212 741 405 137 352 928 295 156 689 373 544 496 903 539 13 484 920 456 197 474 18 279 762 70 36 357 900 413 813 212
950 68 238 452 945 530 231 685 567 724 6 316 968 592 784 786 96 488 384 660 56 483 262 369 257 586 64 877 902 635 774 389 569 258 696 562 367 648 576 532 816 633 582 233 972 700 821 301 223 484 168 924 286 648 805 761 293 422 622 601 184 492 6 526 849 26 679 936 55 233 154 366 185 352 333 883 29 49 645 548 376 400 871 490 989 60 744 212 732 417 932 314 515 111 933 49 920 122 607 637
23 729 24 444 881 924 829 86 33 324 196 238 374 387 785 639 118 976 16 659 727 358 477 347 967 301 226 220 585 376 3 262 406 33 330 471 913 532 42 87 931 787 911 965 352 90 889 941 734 950 432 587 404 314 251 155 833 688 137 412 419 524 188 862 501 353 389 386 148 564 761 820 867 677 972 302 220 382 939 530 745 471 756 493 296 527 721 756 792 441 880 799 228 928 692 628 612 503 599 808
215 154 650 428 277 894 720 722 181 703 354 974 22 72 84 319 402 322 860 984 300 154 250 750 452 130 846 68 717 990 818 326 485 580 583 35 109 991 113 415 250 229 649 361 718 118 17 436 542 813 700 561 879 690 848 553 486 153 624 891 263 583 867 487 175 901 669 815 301 653 185 219 165 519 695 711 300 142 595 292 95 94 363 995 389 190 952 329 296 555 812 6 37 531 786 639 334 599 374 753
714 981 825 622 421 5 690 557 631 878 406 610 435 709 326 776 896 14 860 472 288 635 998 336 129 654 339 232 259 367 412 430 953 870 918 966 465 268 63 925 363 229 925 175 892 181 536 38 336 997 773 155 25 659 897 574 541 188 694 160 175 335 404 991 31 675 144 742 612 587 521 604 226 971 263 615 84 380 673 176 549 48 646 749 917 821 618 560 701 355 152 457 987 58 524 324 886 850 402 801
715 750 395 720 259 339 725 518 431 137 439 125 162 903 735 860 255 653 765 861 362 328 313 735 322 440 989 104 119 960 350 525 563 56 559 716 69 618 635 114 574 300 959 56 884 507 161 158 805 823 84 960 705 90 446 968 90 627 191 712 710 513 970 98 294 317 480 732 335 859 950 772 389 896 833 712 316 887 539 227 655 770 342 816 19 214 515 322 898 679 532 33 466 114 339 845 421 982 616 111
469 801 772 421 994 846 190 990 478 816 285 26 775 252 681 803 193 757 967 202 797 46 717 136 367 998 193 127 889 261 441 418 891 603 108 444 622 276 26 367 128 384 79 539 118 934 4 807 822 768 446 723 702 47 676 209 146 43 144 320 289 373 311 443 136 151 897 877 967 2 221 726 689 822 320 621 762 511 812 164 779 587 67 205 606 283 519 437 876 121 413 328 905 869 940 519 47 420 607 461
602 402 16 180 15 524 5 314 677 172 128 850 925 804 533 299 581 73 715 723 454 374 738 467 345 356 789 345 335 722 126 434 922 207 709 575 622 454 145 3 484 936 323 80 632 626 584 53 383 337 868 974 97 777 2 885 525 609 708 341 986 369 373 869 534 844 190 528 458 92 200 762 30 793 340 186 7 113 446 793 4 484 71 808 322 218 807 967 830 969 25 712 419 228 690 15 957 848 74 752
431 514 542 412 672 468 517 281 846 549 212 836 702 943 966 310 883 708 168 395 531 655 607 464 505 624 409 181 444 280 871 189 92 794 636 302 564 627 103 53 360 353 989 282 27 661 514 797 115 375 941 783 58 49 279 970 100 82 417 152 889 815 906 501 635 780 80 599 627 962 530 871 939 160 88 889 311 175 735 363 0 286 41 641 463 390 542 121 976 547 849 292 310 657 275 495 233 231 660 905
366 245 329 70 780 512 833 842 62 62 174 801 675 42 592 53 406 808 887 399 404 683 682 220 476 246 314 637 768 245 107 999 55 40 679 754 644 841 941 684 115 427 257 336 725 393 171 569 998 656 672 489 841 557 944 840 137 713 330 599 815 217 240 142 921 526 924 97 6 322 570 211 612 793 148 141 551 597 704 807 42 583 236 426 599 690 929 32 28 107 418 161 932 281 751 533 92 127 38 343
914 948 179 914 522 973 728 329 272 615 344 921 187 659 97 761 838 195 696 900 737 156 49 445 507 852 355 535 260 304 784 230 28 95 920 375 670 113 830 866 389 665 778 184 63 979 372 608 332 173 939 43 208 869 321 335 754 8 421 503 617 387 92 869 74 783 402 152 200 751 743 457 775 221 403 855 104 529 858 469 447 673 851 536 740 947 737 604 670 336 577 306 442 358 387 751 232 531 8 833
723 679 3 109 35 147 127 1 235 715 106 922 726 285 993 267 908 873 736 91 489 698 55 835 566 756 155 529 654 521 868 82 698 799 350 581 522 691 701 459 224 905 220 941 361 998 84 251 310 937 503 697 672 610 363 531 26 662 677 718 349 180 481 146 973 146 614 495 671 339 461 383 252 44 306 893 646 705 393 856 638 144 413 5 310 236 3 221 682 194 647 285 604 136 387 850 185 405 649 326
579 132 280 74 95 716 570 299 202 996 474 606 183 399 370 646 591 752 712 841 751 701 712 901 287 530 258 527 703 207 107 293 612 796 583 435 797 432 653 554 846 511 169 378 412 948 885 197 711 72 560 855 45 633 64 650 299 749 554 790 757 386 256 921 719 931 9 530 335 541 713 81 485 160 440 539 860 56 115 241 542 23 159 614 794 437 958 50 254 634 902 911 351 655 476 811 173 133 417 652
108 821 288 969 944 995 885 328 832 449 485 520 851 455 62 652 247 712 473 486 911 430 816 682 896 826 392 74 216 348 469 991 595 931 145 684 472 992 463 608 500 217 605 39 340 828 622 856 214 408 272 410 166 67 237 306 469 651 759 405 835 576 612 191 673 822 917 427 963 206 408 547 858 540 871 329 294 891 216 186 996 133 969 653 595 242 654 244 553 797 83 326 615 774 734 783 115 261 351 45
111 415 949 37 364 317 407 465 880 509 708 488 398 931 799 259 339 61 989 947 869 160 284 99 292 390 219 488 346 472 324 831 88 444 663 544 540 925 904 456 136 353 847 391 583 287 795 866 177 673 710 75 368 997 532 227 699 515 168 475 422 195 643 51 333 246 841 797 434 601 784 69 647 98 415 576 32 856 485 474 335 176 108 0 993 46 556 610 135 441 458 779 970 587 573 807 758 346 880 187
313 956 804 681 640 98 23 591 423 252 210 236 982 345 829 886 273 740 285 674 893 476 468 584 401 127 183 320 649 221 630 435 416 78 482 481 410 667 796 296 754 37 560 569 504 484 329 199 739 952 959 490 344 555 479 94 511 99 315 322 41 727 895 182 254 564 88 319 38 485 897 807 423 464 545 645 431 103 733 557 499 168 277 720 903 804 722 250 206 493 486 715 411 229 82 653 974 826 265 164
132 406 103 844 567 307 720 958 37 457 373 549 914 690 767 852 813 553 255 293 61 999 416 825 660 36 865 666 921 426 144 668 754 815 602 458 877 978 521 479 8 254 912 236 383 439 812 219 348 27 651 542 178 822 991 323 695 835 407 310 502 205 242 204 57 786 391 287 164 384 847 965 265 596 757 189 83 530 801 167 752 215 452 47 73 755 961 435 314 733 406 817 687 143 723 836 863 208 639 985
397 157 516 539 94 737 182 781 226 83 525 169 892 935 506 91 667 329 810 452 673 171 996 698 741 597 385 509 787 895 144 652 471 343 154 572 960 783 871 585 788 671 318 362 331 931 743 406 732 457 144 654 179 993 94 900 163 174 58 281 452 449 200 133 44 561 583 148 997 320 415 959 308 868 574 412 376 511 321 943 879 315 781 104 650 612 844 332 383 827 568 171 3 859 176 578 104 84 687 490
505 922 719 313 93 41 902 312 929 397 791 834 216 998 408 515 959 759 588 169 34 833 990 822 876 7 321 741 913 355 148 917 497 666 734 673 985 690 956 590 479 698 903 273 22 432 129 164 638 990 684 361 610 583 244 67 415 782 938 390 298 330 709 716 621 311 661 704 531 619 856 86 283 923 478 226 848 529 916 817 771 513 31 367 38 852 7 901 645 122 714 809 967 168 910 103 189 81 458 534
433 240 556 673 991 333 384 344 896 414 650 58 740 371 980 191 849 219 781 602 942 690 695 282 831 793 256 78 846 676 548 726 459 149 940 461 185 217 124 611 790 845 907 642 617 550 318 653 433 56 262 835 881 866 475 735 634 709 191 969 114 668 665 518 947 418 946 483 240 531 97 15 713 354 821 224 244 380 558 725 284 894 308 429 231 939 385 71 127 928 363 337 655 71 122 943 604 624 462 510
94 948 762 970 638 87 542 852 70 910 330 802 320 448 241 874 339 766 644 203 556 994 604 552 268 718 9 106 376 311 368 107 69 925 481 461 37 543 628 483 899 602 742 184 88 140 353 934 160 914 741 179 359 885 341 993 783 210 638 123 211 672 886 152 432 839 243 564 249 621 573 609 289 803 285 907 607 910 923 299 508 922 605 503 741 126 242 414 598 867 799 102 919 160 290 276 617 383 117 888
826 811 304 749 881 310 617 119 562 196 624 774 90 95 10 397 977 720 223 314 388 240 120 407 741 954 241 637 43 220 208 490 555 89 199 130 224 830 34 996 26 839 557 953 48 239 29 126 289 187 637 19 776 429 489 35 369 596 555 875 261 996 872 786 227 892 513 768 847 361 197 798 458 791 3 331 522 251 48 932 18 665 917 554 198 841 242 338 849 741 823 87 141 818 248 546 202 241 855 337
996 110 29 325 667 903 759 479 839 217 198 199 109 645 566 377 376 729 196 491 236 132 771 150 564 198 741 769 703 196 869 927 49 536 523 511 451 713 824 69 420 936 471 517 144 358 987 509 716 207 191 11 997 66 465 598 866 920 88 380 99 66 110 855 455 610 824 279 453 179 375 36 253 351 926 986 598 737 981 938 418 145 370 639 472 827 209 546 625 573 830 92 34 302 807 886 184 626 65 261
828 568 872 770 491 519 852 963 456 459 972 206 394 832 19 501 680 666 453 308 692 337 733 430 724 493 273 515 757 587 123 258 850 655 968 519 415 639 320 872 843 494 270 579 461 227 374 826 598 903 116 222 648 920 275 644 150 676 597 256 205 679 596 56 936 844 549 791 660 869 888 450 345 260 644 947 894 27 816 273 607 857 638 60 359 4 562 314 623 235 836 237 73 17 790 104 934 322 257 445
451 108 242 3 251 36 519 703 71 995 405 755 948 16 953 733 725 792 108 804 320 822 674 883 848 227 944 93 59 425 902 897 57 847 433 347 222 170 921 380 811 342 518 783 444 348 469 160 325 817 475 50 962 159 214 722 506 278 774 531 518 348 884 983 548 290 531 846 824 999 517 83 259 302 771 196 545 768 533 407 785 648 699 645 107 290 742 589 160 711 518 410 941 573 488 639 97 368 79 36
929 193 411 637 978 370 358 272 616 333 452 973 866 967 893 906 32 902 905 639 375 570 901 442 380 412 243 250 843 447 215 217 445 919 18 851 847 412 948 595 56 740 34 498 466 360 61 670 612 470 308 504 241 364 449 674 41 910 417 508 25 120 670 686 651 890 104 282 373 306 425 994 603 74 309 79 60 300 866 721 923 628 551 979 154 706 970 362 255 95 402 14 991 251 625 918 215 152 453 748
620 889 441 964 581 685 219 383 200 415 682 54 659 830 340 588 142 385 112 920 82 274 300 310 551 344 781 579 953 498 195 92 354 7 975 667 788 541 622 81 230 914 912 135 103 968 779 295 680 666 143 74 370 343 847 198 736 197 523 370 394 694 233 959 852 700 275 383 579 986 900 700 859 948 459 475 466 199 373 549 546 497 208 922 948 132 466 742 604 109 958 196 752 870 600 587 291 892 552 802
337 510 889 15 59 337 454 758 474 942 260 477 623 694 625 499 692 862 56 946 99 574 490 762 991 370 531 978 477 474 152 879 180 875 72 272 17 588 485 638 385 188 104 86 234 726 966 0 701 175 115 455 769 535 480 200 72 531 903 947 926 817 756 681 78 248 186 773 559 621 484 686 560 764 375 406 118 287 865 284 158 683 172 361 746 984 926 896 21 253 876 65 736 69 310 919 630 232 466 722
329 426 53 648 532 754 295 384 65 805 319 999 540 110 516 146 615 739 761 482 352 731 37 263 275 2 324 982 775 673 368 205 935 369 983 915 218 905 713 264 107 783 296 325 95 239 217 310 796 431 453 880 456 616 636 551 784 50 886 736 144 96 391 296 324 730 547 215 348 309 578 892 349 471 132 456 218 864 676 596 874 894 622 86 213 785 597 123 477 512 242 229 147 225 976 290 646 857 647 195
879 43 493 627 146 376 607 255 507 345 61 554 925 143 105 498 845 306 343 282 998 925 492 323 882 271 335 95 49 371 347 782 702 629 186 545 139 688 630 978 983 157 162 905 793 708 382 940 385 91 849 148 148 326 526 145 409 530 464 528 36 668 589 942 162 137 980 882 933 182 589 399 744 349 661 101 324 125 282 222 54 82 437 733 214 908 928 432 90 641 699 536 251 768 338 762 461 214 798 170
296 81 847 138 100 491 222 675 910 401 470 33 595 242 406 885 423 845 543 26 168 211 101 862 925 413 955 453 408 846 196 344 254 606 354 965 371 120 691 840 746 723 838 884 574 844 437 9 695 642 75 531 59 824 877 59 823 305 306 779 380 67 858 190 154 298 2 929 433 822 316 240 371 55 510 23 879 120 183 97 840 999 273 752 74 648 294 507 328 431 354 845 934 244 985 952 723 95 349 154
932 753 744 951 210 730 635 659 665 108 158 12 284 90 935 634 433 43 427 419 190 539 149 416 571 342 71 770 681 935 459 125 485 967 497 385 754 606 237 817 845 38 451 115 242 16 371 182 939 690 18 707 275 354 153 638 699 60 665 693 498 561 479 24 240 655 845 495 173 855 970 451 570 972 638 233 461 363 41 258 309 867 55 794 256 136 14 577 385 87 640 224 716 307 941 612 340 140 824 831
359 817 593 867 381 291 349 705 214 772 626 548 775 343 913 477 992 237 947 755 889 711 493 656 970 487 28 524 155 29 191 143 525 60 30 299 804 116 734 278 432 905 298 560 457 125 812 91 732 79 725 856 143 865 10 702 552 808 299 93 418 462 637 348 407 755 556 886 761 623 491 474 599 86 173 120 257 119 980 690 226 946 680 396 54 232 901 125 94 966 92 522 848 196 635 524 781 846 127 264
872 436 158 231 417 526 642 162 338 145 121 955 555 554 512 23 521 120 157 864 656 806 529 849 820 354 363 752 526 874 762 757 911 803 204 934 902 384 54 993 254 429 763 227 460 803 450 256 740 480 910 398 183 867 486 839 136 470 879 480 841 987 560 278 357 588 11 665 539 882 40 322 515 866 439 541 21 759 814 828 62 475 152 992 407 424 963 867 991 73 870 216 613 877 62 320 761 69 965 803
202 940 425 444 728 974 36 85 78 937 998 158 323 905 967 159 751 336 668 7 465 622 133 786 877 291 541 563 260 609 871 460 613 150 661 134 724 900 119 355 891 448 611 318 438 517 986 290 164 804 206 443 55 70 945 542 957 956 483 545 269 610 178 904 497 932 543 985 629 886 952 868 700 981 531 98 148 460 776 768 328 709 189 250 638 223 116 210 322 356 429 348 893 939 845 780 690 159 508 523
425 374 11 302 640 404 908 836 735 494 832 229 859 442 337 755 522 977 133 675 943 940 680 719 693 353 56 675 21 858 144 737 788 315 750 705 169 909 447 146 546 947 661 936 171 786 358 453 336 317 828 855 59 571 342 594 586 453 708 165 774 346 39 606 821 571 903 681 881 416 896 376 751 222 297 346 751 313 315 287 169 262 311 948 366 376 973 49 732 917 419 819 710 757 607 809 710 52 592 258
455 600 729 859 710 877 621 985 169 315 944 507 997 779 27 389 642 186 906 74 112 909 720 221 981 5 595 219 670 141 466 291 952 233 715 971 898 267 602 887 614 607 28 223 928 19 432 654 450 640 265 548 533 61 713 359 128 847 351 992 351 245 454 716 854 926 934 445 236 247 770 263 390 481 818 448 39 967 786 12 21 267 306 369 143 14 908 591 372 635 585 786 922 297 240 347 494 285 672 130
730 665 497 405 991 86 738 110 727 695 246 768 794 576 149 215 779 859 660 214 684 830 893 440 109 250 274 921 438 977 334 800 643 664 252 813 319 709 39 579 216 951 847 867 938 289 758 199 206 545 768 305 665 21 681 120 83 829 746 518 596 892 314 802 744 693 52 198 239 8 346 919 577 753 11 204 887 523 383 308 725 352 10 147 643 874 64 391 34 30 867 898 584 567 690 115 307 27 811 527
449 257 320 240 824 515 579 997 260 459 188 515 551 632 974 635 190 589 582 844 557 632 700 520 775 676 927 621 692 221 788 885 704 788 844 739 210 660 868 986 839 279 132 98 686 374 526 446 651 649 179 231 411 832 614 386 566 727 855 194 623 133 385 950 228 214 865 459 668 496 312 506 296 567 166 57 867 961 779 232 896 136 712 247 746 287 810 875 136 799 68 837 762 598 786 139 985 592 176 51
373 922 634 769 346 853 607 200 489 331 846 824 135 95 833 460 671 340 790 9 772 301 901 104 217 362 584 551 31 695 186 22 757 865 873 759 885 357 0 270 8 694 729 450 996 999 813 857 290 495 671 233 881 741 475 316 333 458 137 187 617 385 996 441 312 822 942 885 404 934 286 933 64 364 321 549 703 984 430 577 560 126 337 383 844 377 884 421 4 897 862 386 607 319 515 572 499 500 176 497
283 90 239 963 620 461 432 289 882 182 245 225 18 513 147 116 177 929 330 611 17 396 474 471 510 835 387 484 862 751 262 117 562 581 65 489 398 116 393 346 191 715 272 292 346 456 533 64 124 266 308 88 36 556 917 587 856 524 231 388 107 101 358 368 65 631 902 828 539 375 80 120 48 568 636 291 274 954 40 736 518 481 442 170 588 276 724 731 873 996 559 369 308 193 264 967 953 600 547 365
330 782 314 894 544 951 681 312 71 391 57 234 66 585 811 29 929 560 82 794 622 580 715 275 509 337 188 570 228 27 958 682 356 678 546 143 160 489 389 963 569 509 125 385 999 548 57 848 671 914 788 595 377 560 730 603 132 2 198 837 246 272 732 897 866 484 564 739 118 768 127 312 534 673 38 467 316 82 120 194 184 396 658 461 144 971 149 834 599 512 626 971 683 805 644 138 491 556 509 818
982 181 678 798 285 776 861 759 457 37 823 781 165 119 989 96 144 577 403 37 63 3 424 686 401 252 616 794 43 109 627 463 744 898 0 137 254 501 816 443 466 516 88 836 219 592 876 676 763 158 460 806 690 196 309 789 899 286 566 73 487 275 747 252 122 571 28 129 272 156 952 99 267 684 41 198 603 349 969 87 697 151 233 408 530 406 93 824 260 673 498 675 288 725 399 633 404 323 625 466
816 114 740 339 477 455 624 801 259 774 337 384 622 890 682 839 327 386 516 207 989 243 250 485 206 803 290 597 324 318 283 72 69 549 623 54 2 125 623 502 339 798 9 927 400 983 937 46 617 916 143 613 794 879 124 846 456 536 401 206 55 787 320 525 38 447 95 350 83 317 935 694 856 447 409 399 456 7 13 645 504 88 520 506 697 283 256 323 845 734 85 793 896 639 707 275 548 296 107 728
427 282 874 497 142 93 66 497 363 316 645 10 899 367 494 651 890 920 404 846 375 866 790 391 309 792 612 537 340 874 388 910 136 554 633 580 543 319 419 648 88 980 443 854 428 470 195 472 81 232 777 74 882 823 33 768 909 722 552 837 937 580 327 295 988 950 120 909 161 852 49 872 695 726 889 92 220 397 985 217 658 901 365 579 684 492 807 887 497 124 523 754 733 164 767 891 930 422 252 405
579 65 608 189 952 691 330 708 304 268 40 634 244 184 81 129 971 348 101 614 599 914 730 949 25 426 825 735 225 798 505 355 488 613 496 643 887 406 37 753 720 203 962 679 555 70 407 817 600 218 324 123 774 825 931 913 134 636 442 759 740 572 360 418 789 59 665 846 534 51 5 783 744 199 819 490 417 288 789 9 433 78 738 876 650 240 211 410 222 574 375 748 959 195 812 431 550 313 654 997
30 820 936 184 751 381 141 989 250 659 781 246 575 415 453 406 980 891 450 669 523 788 644 658 267 134 89 82 751 48 115 500 774 2 250 229 98 59 68 851 561 427 17 559 616 556 416 327 253 276 257 977 762 871 194 332 392 70 959 918 657 527 594 587 834 704 41 821 500 358 924 703 553 636 963 15 756 679 286 562 469 466 225 556 93 57 510 497 802 505 576 643 288 278 538 380 518 992 604 854
29 979 675 561 595 461 906 802 937 738 909 730 498 439 294 175 94 371 549 357 813 399 900 944 677 512 537 627 647 592 94 544 932 387 353 897 775 526 445 422 550 985 77 401 775 829 331 654 426 551 348 21 764 887 681 995 376 359 505 728 24 120 160 674 897 176 752 426 118 689 906 785 220 121 6 524 897 668 510 907 359 761 988 639 274 166 464 558 116 411 123 664 856 849 269 85 692 679 348 252